 20445552
 20445621
 20446185
 20446873
 20445803
 20445783
 20446747
 20445979
 20446060
 20447073
 20446606
 20446678
 17360661
 17336905
 17339962
 17302608
 17310430
 17289877
 17288964
 17271398
 17286326
 17271128
 17315384
 17279731
 17274188
 20446469
 20445354
 20446399
 20446537
 20445450
 20446983
 20446330
 20446261
 17274457
 17273212
 17294585
 17246913
 17262452
 17230064
 17235943
 17246485
 17232177
 17268941
 17233514
 17234543
 17228324
 17239590
 17230612
 17217734
 17177277
 17172518
 17179416
 17190739
 17158069
 17193502
 17177512
 17152276
 17150107
 17170463
 17155254
 17145173
 17149164
 17132939
 17113682
 17127167
 17115852
 17090483
 17101502
 17101725
 17157762
 17097848
 17095867
 17075962
 17095320
 17082278
 17089059
 17061872
 17061438
 17069214
 17063578
 17054672
 17070874
 17031230
 17018454
 17060792
 17039720
 17006475
 17014578
 17031343
 17066626
 17056767
 17015350
 17008822
 16985814
 16952924
 16948216
 16933957
 16969513
 16940862
 16946278
 16941115
 16965353
 16984257
 17029299
 16931050
 16923289
 16921270
 16937107
 16926538
 16912570
 16911530
 16901674
 16902462
 16919931
 16908683
 16902366
 16881233
 16872102
 16865925
 16877539
 16861321
 16865779
 16877800
 16847793
 16863557
 16858719
 16855202
 16832649
 16853449
 16869889
 16827934
 16845369
 16828781
 16820272
 16838099
 16874952
 16886112
 16807649
 16831781
 16792826
 16839305
 17028158
 16795759
 16795958
 16848201
 16763512
 16786618
 16791919
 16779322
 16747224
 16758304
 17025345
 16745539
 16710232
 16759468
 16784585
 16731387
 16709494
 16709425
 16769093
 16701398
 16703828
 16703747
 16705971
 16695328
 17023795
 16688998
 16679998
 16674386
 16740110
 16680452
 16729105
 16666439
 16666667
 16665031
 16671394
 16725355
 17022073
 16665586
 16667602
 16736293
 16658839
 16694607
 16741746
 16652418
 16724779
 16641616
 16716793
 16646603
 16637357
 16619977
 16647053
 16654476
 16579913
 16609231
 16621647
 16559085
 16599289
 16554477
 16550646
 16590645
 16600977
 16559377
 16571764
 16557850
 16536849
 16533950
 16544749
 16523656
 16519909
 16590759
 16529110
 16518014
 16531528
 16513420
 16493983
 16504349
 16522155
 16493562
 16504208
 16465491
 16492227
 16473670
 16458405
 16455784
 16451852
 16448327
 16432133
 16433063
 16462161
 16435555
 16454083
 16440004
 16506547
 16445607
 16425910
 16435902
 16426681
 16412346
 16420502
 16387122
 16411989
 16419338
 16385314
 16387300
 16382305
 16391061
 16382491
 16428448
 16353512
 16354074
 16362672
 16388017
 16369822
 16332310
 16341906
 16327494
 16358917
 16310106
 16318696
 16290692
 16301413
 16322109
 16273495
 16283513
 16363836
 16299363
 16309834
 16282568
 16261443
 16282979
 16295396
 16270109
 16283924
 16254284
 16258313
 16270288
 16272667
 16260979
 16232581
 16239046
 