 16224430
 16240295
 16215435
 16228439
 16185840
 16203466
 16211627
 16217892
 16218040
 16212947
 16223549
 16214684
 16181084
 16195761
 16194720
 16188779
 16194985
 16143763
 16157293
 16163178
 16181302
 16158796
 16143952
 16134385
 16149409
 16136746
 16136481
 16117536
 16129018
 16089652
 16120732
 16096768
 16117870
 16119953
 16117801
 16120312
 16093045
 16126721
 16072803
 16105421
 16067715
 16080375
 16067031
 16067315
 16115682
 16065393
 16075804
 16071055
 16067155
 16043299
 16045896
 16036462
 16057163
 16032184
 16040878
 16002818
 16019675
 16002697
 15993096
 16004033
 15993333
 16020966
 16013933
 16056910
 16010610
 15996077
 16004850
 15966873
 15975318
 15949911
 15962390
 15932630
 15963892
 15941403
 15925666
 15926765
 15972946
 15919406
 15880138
 15876298
 15876401
 15904201
 15877312
 15878761
 15862321
 15889747
 15868138
 15855946
 15843499
 15831779
 15841818
 15852247
 15903935
 15853190
 15837101
 15842455
 15859044
 15845514
 15851268
 15834354
 15844397
 15799103
 15794142
 15815727
 15772826
 15771737
 15784739
 15764499
 15781063
 15776575
 15757430
 15755199
 15784947
 15783584
 15767744
 15826658
 15796689
 15782342
 15727585
 15742168
 15825075
 15781356
 15750926
 15723920
 15701261
 15731069
 15737621
 15701985
 15709467
 15747215
 15675912
 15689432
 15699500
 15648390
 15700112
 15679985
 15642806
 15629711
 15627660
 15619606
 15661719
 15632645
 15661937
 15609169
 15611257
 15596359
 15616227
 15613924
 15674070
 15606780
 15615646
 15625570
 15601379
 15608267
 15606134
 15582483
 15571919
 15579911
 15594349
 15579435
 15583160
 15543485
 15555996
 15621923
 15541053
 15563045
 15555240
 15537078
 15509175
 15527848
 15532691
 15533783
 15519454
 15503738
 15599118
 15550189
 15545754
 15505943
 15506150
 15522445
 15512763
 15478324
 15497433
 15497256
 15461191
 15476019
 15494649
 15452401
 15446239
 15496694
 15447977
 15510107
 15393619
 15465426
 15439379
 15425081
 15383767
 15401908
 15423643
 15375325
 15380410
 15386459
 15384016
 15398786
 15368159
 15403173
 15359236
 15358659
 15418345
 15351629
 15335706
 15364491
 15373001
 15345999
 15334806
 15342461
 15356058
 15353038
 15318292
 15320449
 15304128
 15333844
 15300864
 15281401
 15277150
 15281777
 15293295
 15291780
 15266044
 15270339
 15285337
 15245937
 15266436
 15268783
 15327157
 15250490
 15327705
 15231524
 15255157
 15238906
 15251445
 15242033
 15230739
 15239104
 15224135
 15198419
 15199324
 15250806
 15201108
 15163992
 15211433
 15163215
 15188347
 15211174
 15207794
 15144350
 15181580
 15152045
 15171821
 15154522
 15133994
 15113296
 15159321
 15140378
 15107465
 15108026
 15086441
 15109715
 15090757
 15074804
 15104559
 15174069
 15083192
 15075293
 15210399
 15089373
 15067927
 15059684
 15049747
 15068113
 15077074
 15072496
 15052035
 15044634
 15049976
 15033895
 15037732
 15025643
 15047451
 15045197
 15030202
 15109351
 15007685
 15016815
 15209619
 15015824
 15039996
 15011777
 15003580
 14980127
 14972982
 15007614
 14989379
 15066445
 14996889
 14977215
 15028577
 15208098
 14972482
 14944743
 14965063
 14930306
 14962291
 14970586
 15206933
 14951862
 14941517
 14936898
 14920472
 14922247
 14993378
 14926869
 14967957
 14915174
 14868186
 14909372
 14931085
 14904006
 14862439
 14864854
 14894550
 14894189
 14894481
 14894257
 14897264
 14842062
 14842356
 14874149
 14836827
 14860908
 14879302
 14828054
 14849099
 14833542
 14810189
 14833621
 14809273
 14893634
 14837266
 14820879
 14832878
 14798261
 14788887
 14821870
 14784065
 14795121
 14802454
 14804276
 14791613
 14772993
 14772100
 14793071
 14753565
 14779087
 14741576
 14736436
 14741261
 14742944
 14747422
 14735851
 14750111
 14754299
 14740413
 14725185
 14740489
 14706885
 14801212
 14704719
 14721234
 14699060
 14706109
 14711879
 14687470
 14697301
 14688960
 14703961
 14712884
 14679107
 14730047
 14671597
 14671173
 14684769
 14711777
 14629052
 14661588
 14607482
 14618394
 14678915
 14611813
 14650935
 14611577
 14599127
 14606829
 14577080
 14623238
 14578686
 14582259
 14563534
 14598630
 14571925
 14576491
 14567326
 14531427
 14547765
 14642280
 14569310
 14559216
 14518227
 14517407
 14562444
 14574843
 14513475
 14512806
 14510074
 14550593
 14559408
 14527420
 14499828
 14523309
 14516613
 14544796
 14519756
 14530285
 14530446
 14492444
 14507985
 14470721
 14514366
 14486290
 14462782
 14480857
 14494781
 14482063
 14465636
 14498380
 14497167
 14499963
 14457535
 14483097
 14469859
 14475793
 14474029
 14440743
 14466789
 14458050
 14451395
 14426277
 14461876
 14392139
 14382116
 14336176
 14331753
 14330516
 14338348
 14358791
 14364658
 14334676
 14377404
 14321991
 14317400
 14345757
 14312722
 14316012
 14315478
 14311936
 14356300
 14313143
 14319517
 14308144
 14295210
 14296565
 14275653
 14297075
 14270016
 14281389
 14254913
 14246926
 14242696
 14251390
 14244386
 14229016
 14222063
 14244059
 14220868
 14290052
 14246089
 14236677
 14212091
 14208300
 14238841
 14283533
 14224372
 14231111
 14204511
 14204975
 14197315
 14196063
 14212329
 14208947
 14183494
 14204781
 14190925
 14170509
 14168353
 14215509
 14170879
 14138433
 14127770
 14172309
 14131686
 14151623
 14134716
 14106070
 14105958
 14139351
 14136626
 14098262
 14097356
 14110552
 14088440
 14097858
 14095191
 14069699
 14151254
 14091189
 14089958
 14116036
 14085957
 14085155
 14091719
 14068586
 14083283
 14045863
 14054944
 14051987
 14049909
 14059004
 14030774
 14047755
 14033876
 14034129
 14011712
 14017596
 13999876
 14004484
 13991802
 13993472
 14020051
 14019174
 13985040
 13981814
 13995183
 13963665
 13957002
 13981420
 13959887
 13970378
 13984398
 13940376
 13929280
 13968292
 13926461
 13943251
 13915809
 13918804
 13915144
 13892190
 13881658
 13909000
 13868861
 13862829
 13865274
 13860269
 13871442
 13858117
 13876508
 13851504
 13884052
 13846807
 13885987
 13836448
 13883613
 13885538
 13845022
 13846538
 13849266
 13844268
 13817830
 13895114
 13847666
 13829383
 13845469
 13838193
 13884867
 13824844
 13794065
 13864899
 13779661
 13796136
 13782590
 13832090
 13767857
 13784486
 13821012
 13773681
 13750364
 13748965
 13757006
 13739216
 13774331
 13770758
 13770083
 13716577
 13731814
 13743853
 13722982
 13720896
 13717480
 13702958
 13723460
 13710329
 13747339
 13722647
 13675624
 13696862
 13737351
 13668971
 13637443
 13662956
 13627416
 13625141
 13656329
 13662768
 13617934
 13616306
 13595970
 13613222
 13641450
 13637797
 13634605
 13591748
 13604182
 13599607
 13587402
 13640422
 13640193
 13594315
 13594832
 13593882
 13650106
 13601083
 13575265
 13559157
 13591271
 13546312
 13571237
 13551850
 13563094
 13554022
 13577245
 13546927
 13546580
 13551826
 13550601
 13513714
 13509943
 13533443
 13529658
 13505865
 13493601
 13476910
 13495362
 13506566
 13505113
 13483382
 13492132
 13506766
 13518421
 13510412
 13499036
 13469655
 13460631
 13558539
 13482016
 13488712
 13448622
 13476149
 13445773
 13455549
 13455943
 13464669
 13443364
 13421811
 13426295
 13476833
 13431349
 13384965
 13415066
 13399556
 13382624
 13410790
 13383026
 13376054
 13403630
 13400731
 13359919
 13361249
 13369397
 13353408
 13353180
 13354284
 13344694
 13340712
 13346970
 13339310
 13349438
 13404546
 13339617
 13347774
 13315256
 13362042
 13359297
 13310656
 13346074
 13311058
 13327150
 13301157
 13281607
 13295189
 13318697
 13283205
 13273142
 13267698
 13360809
 13290879
 13255207
 13304985
 13250576
 13247012
 13257300
 13235882
 13254101
 13254707
 13244010
 13290156
 13247082
 13234744
 13267814
 13217564
 13257645
 13211276
 13203756
 13203151
 13193669
 13202812
 13231682
 13179859
 13157360
 13207227
 13151231
 13197514
 13136635
 13134368
 13233622
 13134093
 13212844
 13164261
 13130053
 13163224
 13163680
 13105149
 13104896
 13128824
 13100064
 13099236
 13099089
 13123261
 13154261
 13111108
 13111041
 13093263
 13089030
 13147533
 13083767
 13083620
 13109410
 13082945
 13112910
 13118556
 13140340
 13071254
 13155466
 13064294
 13063918
 13065010
 13064138
 13083335
 13062406
 13118973
 13077765
 13084683
 13056552
 13052876
 13085061
 13046148
 13045242
 13096790
 13042631
 13048100
 13075386
 13075114
 13065087
 13078638
 13037031
 13035662
 13052012
 13031684
 13030631
 13030100
 13065559
 13030415
 13043591
 13077945
 13086354
 13071990
 13024638
 13082186
 13010701
 13028743
 13007478
 13025010
 13000926
 13000685
 13000325
 12999221
 13043507
 12997258
 13037514
 13036630
 13025583
 13014537
 12991919
 13023035
 12988189
 12985072
 13003106
 13035991
 12980202
 12978110
 12982839
 13030540
 12992992
 12966888
 12968168
 13007370
 12945818
 12976601
 12939952
 12946761
 12934882
 12935111
 12933066
 12932937
 12938556
 12933751
 12965702
 12930654
 12999945
 13043364
 12962185
 12996758
 12982033
 12921684
 12923099
 12920454
 12919884
 12965210
 12918567
 12959999
 12928520
 12915972
 12915168
 12937061
 12951793
 12910928
 12943236
 12907806
 12927341
 12899799
 12992313
 12892240
 12883866
 12925226
 12881130
 12940819
 12872056
 12871610
 12893870
 12957851
 12847335
 12843655
 12860752
 12835561
 12866451
 12882220
 12891826
 12825113
 12836673
 12833860
 12877704
 12855716
 12829714
 12849291
 12838248
 12825710
 12811341
 12863705
 12810261
 12815253
 12810870
 12813686
 12810581
 12809068
 12820662
 12808466
 12824194
 12828723
 12805885
 12820592
 12837167
 12794815
 12834194
 12790104
 12786663
 12780877
 12779529
 12781687
 12777526
 12845014
 12775471
 12872644
 12774628
 12808730
 12774290
 12774527
 12778662
 12809149
 12806655
 12768017
 12846769
 12805474
 12796428
 12766518
 12798810
 12760249
 12765488
 12756504
 12753670
 12836267
 12751912
 12748624
 12799294
 12791045
 12747064
 12744232
 12794210
 12741955
 12806394
 12790560
 12727905
 12745037
 12718451
 12718034
 12716026
 12735453
 12715571
 12740143
 12762232
 12756389
 12710052
 12845335
 12703759
 12735140
 12704771
 12699307
 12690395
 12724639
 12687939
 12734261
 12683930
 12723571
 12681551
 12729646
 12673676
 12672502
 12672569
 12670599
 12740067
 12727972
 12737544
 12730870
 12719761
 12665070
 12727466
 12659551
 12659417
 12658712
 12684064
 12656127
 12656060
 12717426
 12688124
 12653737
 12685831
 12704306
 12790209
 12651084
 12665300
 12643302
 12641448
 12653342
 12629542
 12682831
 12616948
 12617310
 12615615
 12614858
 12637879
 12707439
 12612707
 12650789
 12636151
 12640780
 12678545
 12589499
 12597113
 12577442
 12643191
 12569044
 12567739
 12586413
 12564025
 12589295
 12577704
 12556961
 12629350
 12554048
 12559388
 12552422
 12548859
 12605359
 12586373
 12584243
 12598936
 12536739
 12532726
 12548626
 12564766
 12531608
 12528391
 12551163
 12524367
 12579686
 12519996
 12519309
 12518051
 12516463
 12620486
 12554953
 12563718
 12559539
 12512579
 12511803
 12513508
 12511111
 12509969
 12541297
 12558179
 12537356
 12567923
 12506585
 12518118
 12499542
 12499475
 12514003
 12518943
 12494837
 12497740
 12492568
 12512093
 12489890
 12542026
 12535092
 12483449
 12524547
 12471763
 12469726
 12493672
 12511906
 12466532
 12484644
 12464289
 12462792
 12490644
 12461417
 12499862
 12460638
 12475107
 12458588
 12474146
 12453744
 12466253
 12475473
 12447562
 12487352
 12509364
 12441027
 12440335
 12439340
 12450131
 12489631
 12436678
 12435001
 12434489
 12532227
 12432854
 12432718
 12482475
 12431850
 12431673
 12431555
 12453882
 12469046
 12450956
 12467673
 12455340
 12445662
 12443211
 12428275
 12426574
 12425337
 12470062
 12527420
 12424234
 12466048
 12461179
 12418607
 12452206
 12416610
 12524453
 12438714
 12404844
 12403417
 12415812
 12393330
 12450532
 12448911
 12384942
 12397766
 12376739
 12370043
 12368233
 12372485
 12364018
 12353726
 12351538
 12342329
 12362519
 12328018
 12327291
 12317179
 12325697
 12349798
 12405189
 12394467
 12403801
 12372704
 12377076
 12363162
 12312752
 12369649
 12377514
 12313583
 12357127
 12376314
 12328241
 12299221
 12339678
 12353980
 12314296
 12317085
 12355658
 12368871
 12339024
 12317731
 12353360
 12316996
 12290536
 12333661
 12353619
 12385802
 12341800
 12288541
 12290197
 12324636
 12375259
 12290264
 12599072
 12359975
 12289966
 12293461
 12290928
 12304028
 12375943
 12290660
 12301174
 12373981
 12279940
 12372266
 12303800
 12270450
 12270105
 12288879
 12267698
 12281710
 12279468
 12262936
 12259847
 12259627
 12278602
 12346856
 12279644
 12255516
 12358443
 12246813
 12267468
 12240661
 12234952
 12239217
 12277922
 12273767
 12225423
 12255037
 12276818
 12222358
 12224135
 12224086
 12220382
 12219512
 12259259
 12324541
 12240806
 12269160
 12216799
 12212949
 12209772
 12245377
 12209606
 12227807
 12246022
 12272862
 12336974
 12204351
 12202840
 12201243
 12264918
 12258415
 12364321
 12194781
 12209959
 12191278
 12239297
 12187298
 12244782
 12185334
 12360745
 12193327
 12172237
 12228873
 12163381
 12162108
 12177841
 12161630
 12179196
 12247540
 12160961
 12179606
 12158880
 12178384
 12149422
 12156395
 12143212
 12151767
 12135298
 12133922
 12174356
 12131541
 12329363
 12130969
 12177502
 12184270
 12144189
 12124689
 12141823
 12119589
 12136374
 12112717
 12112808
 12144060
 12153106
 12105952
 12104755
 12102482
 12103864
 12102947
 12124171
 12100131
 12133853
 12153555
 12113029
 12156661
 12095728
 12092831
 12111328
 12107585
 12083228
 12127631
 12071528
 12069554
 12067453
 12112549
 12162793
 12107452
 12065346
 12068048
 12061959
 12058414
 12093591
 12057459
 12118836
 12089405
 12350189
 12086672
 12053574
 12054568
 12052031
 12049578
 12093749
 12053434
 12105392
 12045757
 12100199
 12071265
 12084552
 12034454
 12032555
 12081229
 12064420
 12020653
 12014731
 12068819
 12010992
 12011073
 12061088
 12009573
 12009322
 12008725
 12048646
 12029770
 12028456
 12037695
 12030662
 12004979
 12003118
 12041949
 12116484
 11991734
 11986535
 12036828
 11983313
 12024976
 11980683
 11978954
 11995358
 11978277
 12030855
 11976341
 12028254
 12007113
 11971548
 11991984
 12360454
 12020855
 11965352
 12035188
 11959018
 12016124
 11958725
 11957478
 11955643
 12016577
 12007239
 11954893
 11954260
 11994482
 11953456
 11985373
 12001429
 11963399
 11995718
 11946467
 11946142
 11988329
 11992115
 11936215
 11990359
 11933955
 11944573
 11924520
 11967408
 11909984
 11907635
 11935060
 11933723
 11902487
 11991843
 11979224
 12353552
 11896989
 11926600
 11870806
 11925447
 11925185
 11864285
 11876867
 11858441
 11856878
 11872892
 11855988
 11909594
 11853305
 11886746
 11868387
 11848508
 11847798
 11848042
 11874690
 11870446
 11870725
 11842637
 11840601
 11840265
 11840015
 11839764
 11870576
 11850234
 11853178
 11892108
 11884387
 11837478
 11855842
 11824030
 11821072
 11839265
 11819948
 11864757
 11851195
 11814679
 11850409
 11808178
 11805972
 11849060
 11804929
 11804236
 11848827
 11845635
 11801587
 11800500
 11829945
 11833143
 11797451
 11857153
 11795989
 11794634
 11821502
 11793157
 11816693
 11853698
 11827156
 11790864
 11787492
 11832993
 11836473
 11777609
 11809167
 11768440
 11767360
 11796385
 11808859
 11761395
 11758710
 11773112
 11803431
 11755747
 11755130
 11777177
 11768522
 11748844
 12599351
 11739480
 11738777
 11756247
 11759056
 11730475
 11727504
 11727407
 11759600
 11727119
 11724841
 11770322
 11779712
 11765590
 11737715
 11719447
 11718211
 11772030
 11713791
 11736741
 11712300
 11711001
 11738159
 11708827
 11751967
 11758838
 11723418
 11705249
 11703306
 11703217
 11702249
 11720873
 11745001
 11726687
 11741199
 11697693
 11735181
 11693907
 11718068
 11691929
 11690958
 11729487
 11740935
 11687891
 11776047
 11671795
 11671033
 11727652
 11708544
 11664447
 11663716
 11660067
 11680761
 11659469
 11743533
 11680608
 11677196
 11656199
 11655583
 11674627
 11678684
 11645763
 11649558
 11643166
 11656130
 11635442
 11677560
 11632488
 11637750
 11623732
 11622233
 11665327
 11667102
 11621966
 11625211
 11639659
 11651873
 11651776
 11615477
 11638629
 11608283
 11609796
 11609476
 11634680
 11651945
 11597717
 11629934
 11591949
 11587663
 11583160
 11581930
 11605374
 11632234
 11613769
 11575704
 11574654
 11620014
 11570999
 11624382
 11569876
 11660413
 11616651
 11565324
 11562082
 11561992
 11561854
 11560552
 11588874
 11591605
 11609898
 11600568
 11621678
 11555785
 11559280
 11556104
 11554526
 11556636
 11577747
 11553621
 11551290
 11595389
 11601477
 11568498
 11571543
 11545918
 11543889
 11543821
 11581762
 11575584
 11573049
 11538723
 11579761
 11529274
 11527422
 11569728
 11518887
 11518262
 11517638
 11517154
 11531532
 11536735
 11540471
 11514958
 11556228
 11622364
 11512676
 11538512
 11509740
 11538790
 11505631
 11505700
 11521168
 11526648
 11492949
 11492123
 11491621
 11529695
 11489627
 11523762
 11536268
 11488736
 11497302
 11486307
 11501441
 11481130
 11544200
 11523687
 11472401
 11486482
 11467732
 11467290
 11466872
 11466263
 11475409
 11510397
 11505808
 11485766
 11463826
 11463677
 11503649
 11461894
 11476907
 11459434
 11488135
 11485538
 11455695
 11494251
 11444841
 11485251
 11441566
 11486558
 11438356
 11495844
 11435058
 11474258
 11427604
 11447140
 11423639
 11422452
 11491076
 11448101
 11402033
 11420013
 11398284
 11397598
 11396133
 11410709
 11405933
 11442286
 11391493
 11390967
 11390843
 11434371
 11432226
 11402724
 11388712
 11398353
 11380895
 11380437
 11378515
 11398815
 11425002
 11413257
 11370660
 11369083
 11436814
 11368195
 11367371
 11365899
 11365829
 11365111
 11381400
 11384145
 11379821
 11377557
 11411808
 11415181
 11361111
 11358546
 11388614
 11370325
 11347545
 11353575
 11349014
 11391591
 11367612
 11338360
 11338862
 11338020
 11336427
 11376492
 11347613
 11422941
 11333151
 11353798
 11328844
 11328180
 11327424
 11326023
 11369628
 11380729
 11349208
 11360164
 11320976
 11319433
 11359719
 11361306
 11315812
 11316367
 11314155
 11330732
 11348211
 11344376
 11307850
 11346959
 11351793
 11302260
 11324588
 11296961
 11295030
 11294208
 11307918
 11293593
 11291851
 11334000
 11321099
 11290679
 11331368
 11314301
 11287146
 11299795
 11280303
 11308393
 11271812
 11300246
 11264954
 11264835
 11264724
 11264095
 11303990
 11261912
 11286011
 11270121
 11298461
 11259699
 11259095
 11272698
 11294606
 11349812
 11252417
 11292064
 11275950
 11245294
 11245214
 11281570
 11240913
 11288373
 11239612
 11250645
 11291726
 11233708
 11274556
 11228092
 11226598
 11255030
 11267451
 11211453
 11257051
 11210152
 11209481
 11253817
 11264338
 11201045
 11198500
 11198003
 11197495
 11196385
 11217835
 11276365
 11233633
 11215384
 11230883
 11195720
 11216936
 11215923
 11175330
 11173767
 11192192
 11192403
 11169356
 11212147
 11165047
 11167803
 11162818
 11177199
 11205699
 11156233
 11155003
 11171487
 11203686
 11142601
 11139039
 11138693
 11166730
 11137729
 11154299
 11152428
 11184147
 11134659
 11132451
 11159601
 11147314
 11124314
 11124082
 11123213
 11122274
 11138851
 11163183
 11149814
 11182862
 11116293
 11114875
 11114566
 11149227
 11148861
 11123959
 11198591
 11108561
 11105479
 11105385
 11155419
 11152883
 11146145
 11098990
 11096191
 11146692
 11094890
 11132322
 11117135
 11117319
 11089802
 11089280
 11122651
 11086755
 11120217
 11083589
 11109036
 11082520
 11108147
 11110541
 11076953
 11117655
 11074789
 11108676
 11066765
 11109847
 11062928
 11062665
 11076798
 11074900
 11057747
 11057273
 11071634
 11150894
 11042080
 11041906
 11069911
 11080146
 11039309
 11036382
 11036278
 11064836
 11035849
 11057110
 11031843
 11030421
 11062027
 11047924
 11029401
 11083304
 11054047
 11067149
 11022859
 11021003
 11059457
 11063211
 11016942
 11057186
 11016002
 11014860
 11053790
 11066847
 11011175
 11010715
 11020766
 11046369
 11007085
 11005700
 11030497
 11051144
 11000332
 11001312
 12599951
 10996317
 11004185
 10994805
 11023263
 10991777
 11041436
 10982111
 10980373
 10979778
 10979013
 11048370
 10978311
 10994161
 10989779
 10997828
 11038450
 10976080
 10997695
 10958471
 10974572
 10954364
 10953796
 10962036
 10993594
 10948717
 10958328
 10946546
 10954749
 10989256
 10963387
 10941024
 10955934
 10937792
 10937552
 10949231
 10958590
 10991851
 10935383
 10933624
 10965741
 10965070
 10942843
 10919509
 10918870
 10916679
 10918096
 10921653
 10933788
 10932316
 10914771
 10939911
 10941138
 10933692
 10902965
 10901679
 10979447
 10901229
 10902077
 10927627
 10940764
 10895937
 10923820
 10892046
 10918570
 10887957
 10887427
 10887137
 10925955
 10924688
 10935451
 10882640
 10881272
 10883026
 10899285
 10878166
 10899684
 10902748
 10906449
 10872269
 10898928
 10865769
 10867614
 10861878
 10881203
 10908403
 10851294
 10850788
 10849966
 10863742
 10862777
 10846678
 10862632
 10846531
 10845012
 10861673
 10877015
 10872806
 10836228
 10853814
 10833344
 10833189
 10829288
 10870895
 10847249
 10828279
 10867697
 10824198
 10858322
 10822137
 10819340
 10847771
 10921817
 10830528
 10808417
 10808074
 10806598
 10806030
 10835672
 10849131
 10910993
 10822328
 10802886
 10802227
 10800908
 10841056
 10845633
 10800769
 10800104
 10909338
 10798960
 10856777
 10824564
 10810168
 10791419
 10825551
 10780928
 10780689
 10825927
 10805194
 10771785
 10771552
 10770586
 10786629
 10787207
 10794325
 10834067
 10768485
 10787867
 10745333
 10785472
 10743761
 10744823
 10741291
 10751477
 10790249
 10737219
 10737834
 10735171
 10790157
 10749954
 10747107
 10732420
 10730561
 10753378
 10729765
 10725618
 10758773
 10747820
 10722477
 10771479
 10747979
 10714494
 10711249
 10710584
 10761805
 10758704
 10722549
 10706755
 10706132
 10751563
 10735102
 10721975
 10697858
 10697379
 10697058
 10739813
 10695116
 10717968
 10723948
 10725777
 10687789
 10683649
 10737303
 10680437
 10704276
 10771311
 10675970
 10675456
 10679412
 10676313
 10719886
 10706321
 10672120
 10720329
 10697192
 10669037
 10665761
 10710914
 10713514
 10664549
 10680855
 10658027
 10656461
 10655456
 10696563
 10653418
 10690631
 10698200
 10651500
 10675901
 10688852
 10639374
 10682612
 10634199
 10628836
 10650909
 10628611
 10625477
 10642228
 12599279
 10624305
 10641680
 10652919
 10617757
 10647632
 10614088
 10646788
 10609319
 10609730
 10611973
 10607540
 10606112
 10605771
 10634343
 10605262
 10615665
 10604104
 10624612
 10603333
 10636023
 10642909
 10645953
 10615457
 10629456
 10597742
 10643444
 10646613
 10592374
 10590156
 10642836
 10588026
 10692217
 10586945
 10632465
 10594725
 10582521
 10581878
 10625626
 10596415
 10604448
 10580044
 10613980
 10573858
 10606949
 10569671
 10571165
 10580903
 10561686
 10601089
 10558547
 10610175
 10553512
 10552670
 10566893
 10576951
 10566661
 10548164
 10548388
 10567009
 10565630
 10546002
 10612555
 10517063
 10516710
 10555483
 10526359
 10513706
 10574527
 10507084
 10504099
 10520420
 10524636
 10500385
 10499987
 10531811
 10498007
 10521487
 10495719
 10531599
 10514477
 10490953
 10489776
 10490079
 10489676
 10507157
 10515441
 10506051
 10535938
 10527174
 10477831
 10488509
 10472892
 10492889
 10468288
 10468044
 10470198
 10467735
 10497338
 10464103
 10488763
 10476803
 10461189
 10459825
 10546394
 10490270
 10456954
 10455362
 10494211
 10475190
 10452573
 10450284
 10499818
 10483732
 10447038
 10446049
 10444404
 10458196
 10484250
 10490186
 10442300
 10469260
 10434860
 10433940
 10467898
 10481887
 10429741
 10470943
 10415569
 10429438
 10411863
 10425664
 10400446
 10438273
 10394741
 10391742
 10413100
 10415302
 10390265
 10385779
 10382869
 10428031
 10381298
 10380488
 10406539
 10375919
 10410560
 10393348
 10374051
 10406174
 10428731
 10422898
 10368816
 10366668
 10414418
 10365960
 10398111
 10418988
 10362130
 10361709
 10361631
 10362046
 10467414
 10359388
 10359234
 10412583
 10377904
 10430856
 10405223
 10401198
 10399094
 10356337
 10356059
 10369501
 10368263
 10350529
 10351843
 10348021
 10366855
 10385447
 10341861
 10340368
 10408315
 10374484
 10324571
 10324077
 10341058
 10351331
 10342231
 10299363
 10296918
 10305664
 10305400
 10295024
 10293377
 10347046
 10290720
 10304709
 10332018
 10284022
 10307877
 10278541
 10277749
 10309635
 10294227
 10275458
 10273911
 10333678
 10295118
 10290943
 10290834
 10272416
 10276029
 10295299
 10260751
 10275732
 10253917
 10248740
 10270737
 10273510
 10240409
 10240232
 10323466
 10238259
 10277861
 10275557
 10232123
 10231591
 10230269
 10284401
 10274448
 10265442
 10222510
 10266265
 10217483
 10216133
 10232557
 10215421
 10241517
 10242665
 10210712
 10253089
 10206286
 10241731
 10202172
 10198325
 10226828
 10234927
 10193139
 10206749
 10183776
 10212416
 10176680
 10206914
 10169010
 10194378
 10164561
 10164933
 10169322
 10163923
 10198047
 10163026
 10204306
 10183006
 10161221
 10176812
 10160790
 10158782
 10199980
 10157026
 10260132
 10153514
 10175711
 10207676
 10183391
 10151585
 10190063
 10196903
 10147390
 10147003
 10248828
 10193864
 10143476
 10143239
 10142799
 10182620
 10184025
 10190921
 10140311
 10151461
 10133986
 10219108
 10129194
 10178548
 10125853
 10149579
 10122133
 10132773
 10138433
 10116375
 10131260
 10093886
 10093255
 10128618
 10103379
 10091348
 10137271
 10085451
 10109696
 10079205
 10117184
 10074845
 10072451
 10096779
 10068196
 10089402
 10067176
 10067249
 10065535
 10078547
 10082767
 10110059
 10128046
 10056076
 10053305
 10068891
 10088954
 10046027
 10046669
 10042395
 10055782
 10120938
 10041942
 10040475
 10075038
 10072896
 10038837
 10037048
 10074965
 10060130
 10039821
 10036972
 10033744
 10077305
 10072267
 10032385
 10053625
 10084773
 10025799
 10064761
 10023458
 10065689
 10017057
 10059506
 10010801
 10029366
 10003145
 10006261
 10017459
  9996746
  9995458
 10040163
 10011185
  9993039
 10013839
  9980686
 10008599
  9973767
  9990060
  9971781
  9967906
  9988270
  9965997
  9966077
  9975469
  9965489
  9966878
 10000752
  9982579
 10003956
  9957248
  9955688
 10001417
  9973873
  9948841
  9947292
  9947113
  9946769
  9946587
 10050597
  9976886
  9996984
 10044224
  9953013
  9942589
  9941904
  9940999
  9956686
  9983398
  9966391
  9934766
  9980919
  9933093
  9968012
  9923299
  9922786
  9960271
  9951954
  9919151
  9972123
  9915586
  9991406
  9908918
  9926730
  9902786
  9927443
  9878504
  9877376
  9877266
  9934084
  9930616
  9914823
  9871703
  9871624
  9870830
  9887117
  9883673
  9915004
  9866369
  9866091
  9897267
  9886244
  9854715
  9869173
  9877129
  9846040
  9845492
  9843893
  9886019
  9858607
 12597289
  9841105
  9859381
  9834613
  9833928
  9833432
  9860293
  9832093
  9874247
  9850991
  9866436
  9826852
  9826440
  9825055
  9857855
  9909304
  9822201
  9857240
  9814600
  9860651
  9803941
  9848921
  9800969
  9815854
  9797689
  9796309
  9829882
  9793602
  9792898
  9792661
  9792585
  9822573
  9829049
  9789943
  9819217
  9839785
  9816531
  9786369
  9805682
  9827737
  9777712
  9781011
  9818888
  9772503
  9804650
  9764509
  9780061
  9760209
  9774655
  9752173
  9749485
  9747197
  9777608
  9786446
  9761155
  9785044
  9742109
  9741989
  9767168
  9735032
  9790096
  9734732
  9777942
  9776278
  9731117
  9751440
  9773010
  9725706
  9723835
  9769432
  9747510
  9760444
  9720892
  9717882
  9761630
  9719906
  9756620
  9718657
  9716327
  9713554
  9710672
  9708743
  9708015
  9706827
  9708929
  9790393
  9728020
  9718027
  9700545
  9742550
  9696599
  9751943
  9691418
  9704701
  9687412
  9700753
  9678845
  9680841
  9687924
  9668663
  9686341
  9664058
  9699526
  9659860
  9659153
  9659487
  9675464
  9701701
  9656176
  9676037
  9694177
  9651129
  9649806
  9679685
  9665902
  9640500
  9654277
  9639201
  9650217
  9635399
  9634139
  9680062
  9630769
  9629965
  9629597
  9656016
  9643959
  9642595
  9657407
  9622499
  9620069
  9640325
  9644246
  9609293
  9609100
  9608053
  9607212
  9647208
  9644905
  9690647
  9603462
  9603125
  9634846
  9639289
  9645388
  9598659
  9614482
  9592829
  9592315
  9634004
  9634637
  9586046
  9585786
  9607425
  9583489
  9581182
  9617278
  9621469
  9605730
  9577014
  9600958
  9570274
  9567266
  9585912
  9566443
  9579973
  9579905
  9557295
  9556344
  9570061
  9555163
  9552684
  9591239
  9588328
  9646247
  9547386
  9545311
  9563013
  9574755
  9541416
  9539192
  9538187
  9558230
  9533070
  9554752
  9567177
  9529206
  9573824
  9526152
  9522443
  9557467
  9542988
  9518006
  9564577
  9622666
  9514803
  9566869
  9512299
  9547570
  9528871
  9509543
  9507347
  9558648
  9506570
  9520587
  9550077
  9502929
  9525892
  9500305
  9521973
  9496605
  9531296
  9485889
  9520339
  9484299
  9538864
  9477019
  9475553
  9475341
  9475459
  9490237
  9491274
  9490758
  9548665
  9473131
  9471306
  9533764
  9485991
  9451470
  9469908
  9447708
  9486492
  9442942
  9442398
  9462907
  9499504
  9438367
  9438069
  9437252
  9459033
  9479372
  9445848
  9432996
  9458559
  9428339
  9453236
  9421388
  9420818
  9419082
  9418854
  9433326
  9441505
  9433416
  9466300
  9407511
  9442766
  9404310
  9402291
  9421905
  9405157
  9403751
  9401027
  9428434
  9418663
  9430588
  9397194
  9477891
  9402793
  9423618
  9387364
  9413010
  9427323
  9397485
  9411242
  9416956
  9388330
  9386334
  9392690
  9386532
  9397104
  9386931
  9377169
  9393234
  9363174
  9359792
  9375097
  9372839
  9360332
  9349950
  9333660
  9339690
  9355434
  9351097
  9322303
  9334327
  9402384
  9344925
  9396885
  9338771
  9348737
  9318237
  9306323
  9333459
  9328051
  9314376
  9288480
  9306495
  9319287
  9332416
  9280697
  9278686
  9316919
  9259173
  9263395
  9278112
  9249660
  9260318
  9284576
  9286091
  9248655
  9259330
  9273253
  9241619
  9237021
  9252390
  9233293
  9229258
  9229584
  9226255
  9217437
  9218861
  9219862
  9224555
  9271483
  9223555
  9228770
  9207100
  9230745
  9226128
  9221719
  9216470
  9216571
  9192241
  9186963
  9208439
  9212283
  9185047
  9185273
  9160144
  9156303
  9178472
  9154398
  9168003
  9158310
  9158205
  9159989
  9152438
  9157463
  9119703
  9137420
  9121652
  9160556
  9121465
  9149772
  9136487
  9193199
  9101642
  9113598
  9124591
  9111459
  9129198
  9116870
  9106890
  9105871
  9116189
  9099653
  9081644
  9128397
  9081850
  9081712
  9085390
  9042008
  9069510
  9033639
  9069434
  9046179
  9046426
  9031458
  9031390
  9053117
  9011992
  9000742
  9003254
  9011470
  9001727
  9054479
  9013459
  9007127
  9062757
  8995285
  9012433
  8989104
  9022699
  9014632
  8995064
  9001144
  8996835
  8996329
  8972074
  8972341
  8976193
  8976036
  8988997
  8963603
  8969769
  8968638
  8931447
  8949991
  8949185
  8932022
  8937695
  8936081
  8926246
  8937358
  8932089
  8921166
  8915362
  8928738
  8898471
  8944146
  8910802
  8943094
  8920112
  8914590
  8886238
  8876751
  8938453
  8880781
  8919459
  8874957
  8872026
  8867677
  8852823
  8854894
  8850431
  8831814
  8817977
  8844233
  8812184
  8822369
  8856013
  8842574
  8824672
  8838467
  8847614
  8823711
  8797551
  8807553
  8807684
  8826846
  8827583
  8804827
  8790775
  8795974
  8805745
  8793721
  8787625
  8792880
  8830768
  8795829
  8800440
  8764960
  8790994
  8793645
  8782227
  8765030
  8767156
  8782887
  8747359
  8759170
  8744197
  8747861
  8754060
  8732421
  8751747
  8749031
  8735796
  8714379
  8722164
  8730010
  8721868
  8726202
  8699133
  8718904
  8717447
  8692602
  8724898
  8699602
  8686149
  8769398
  8708460
  8693225
  8704100
  8699043
  8668450
  8669605
  8677687
  8684100
  8707951
  8655991
  8731250
  8672242
  8681987
  8664382
  8644302
  8644462
  8626012
  8611485
  8610944
  8640239
  8613951
  8613038
  8636218
  8606995
  8615578
  8629190
  8605579
  8592727
  8585724
  8639607
  8619166
  8584812
  8587056
  8597656
  8597085
  8629989
  8583410
  8569762
  8594673
  8561787
  8569099
  8584542
  8566771
  8541341
  8555167
  8543559
  8540760
  8531482
  8549709
  8577307
  8542592
  8511560
  8512427
  8510263
  8523166
  8529021
  8513810
  8500432
  8503980
  8517448
  8494882
  8512757
  8488931
  8517038
  8479056
  8480572
  8504409
  8499907
  8549057
  8551309
  8485825
  8472169
  8456407
  8481338
  8488360
  8478296
  8470604
  8468863
  8461962
  8457285
  8438144
  8483115
  8439243
  8440248
  8442584
  8401403
  8444292
  8426131
  8424961
  8425979
  8409082
  8420066
  8408929
  8395237
  8395686
  8386582
  8385080
  8401471
  8377309
  8375134
  8413060
  8367911
  8376721
  8355030
  8375807
  8376629
  8359072
  8359313
  8345629
  8352768
  8361306
  8361591
  8339314
  8335822
  8331965
  8345217
  8337794
  8351704
  8321878
  8336953
  8313611
  8332662
  8326247
  8306448
  8301852
  8309992
  8314312
  8294379
  8318549
  8291206
  8285337
  8280976
  8272110
  8296705
  8283778
  8296433
  8288471
  8283712
  8263332
  8259369
  8280668
  8264385
  8252888
  8260253
  8315170
  8259815
  8267808
  8228894
  8200164
  8203194
  8222882
  8189065
  8226275
  8191037
  8230435
  8215632
  8186749
  8177318
  8183896
  8196050
  8169363
  8164748
  8162355
  8198921
  8171336
  8162114
  8161853
  8180584
  8156881
  8174826
  8147559
  8159015
  8209769
  8158140
  8132444
  8135624
  8168753
  8132676
  8148617
  8151542
  8152979
  8118470
  8134819
  8139888
  8129995
  8131241
  8121060
  8112336
  8129811
  8127142
  8091398
  8085485
  8085746
  8161668
  8093654
  8092090
  8078361
  8058658
  8088482
  8067531
  8048974
  8100791
  8061201
  8074916
  8049155
  8066718
  8068864
  8128614
  8046614
  8051990
  8041458
  8027347
  8025427
  8023501
  8040956
  7996222
  8000402
  8049408
  8037047
  7997260
  7999994
  7994304
  7954704
  8004481
  7949228
  7984967
  7983493
  7955274
  7980113
  7959780
  7945261
  7958175
  7991786
  7992177
  7990452
  7938119
  7933167
  7930554
  7940639
  7926405
  7960813
  7932139
  7936362
  7930079
  7919827
  7902833
  7926911
  7977909
  7906088
  7909897
  7914744
  7891356
  7909461
  7916229
  7910932
  7893514
  7885605
  7886958
  7891281
  7879008
  7853193
  7864069
  7855975
  7872472
  7872384
  7860384
  7857330
  7861918
  7853370
  7836573
  7836667
  7823134
  7904259
  7825976
  7848919
  7820516
  7837935
  7834494
  7815302
  7833360
  7829337
  7814315
  7817249
  7781630
  7823488
  7755686
  7776650
  7748669
  7743607
  7745235
  7787731
  7730810
  7727043
  7746165
  7727156
  7724248
  7733194
  7737727
  7720341
  7718048
  7725634
  7730654
  7765723
  7713481
  7721588
  7724539
  7728980
  7699630
  7701135
  7690283
  7696964
  7701727
  7685056
  7692640
  7685183
  7663409
  7659445
  7681374
  7676977
  7666132
  7660242
  7660596
  7662694
  7648208
  7626562
  7638389
  7653877
  7651987
  7696716
  7633353
  7628692
  7610417
  7611912
  7624687
  7600484
  7613463
  7624574
  7590901
  7635063
  7589884
  7588944
  7567104
  7555770
  7594825
  7578800
  7556179
  7561904
  7545296
  7560364
  7546376
  7562200
  7544115
  7561259
  7545371
  7526583
  7523984
  7530116
  7574415
  7528927
  7532705
  7520442
  7523441
  7506304
  7510675
  7514081
  7512212
  7525058
  7520055
  7496176
  7489795
  7506802
  7497461
  7504766
  7501293
  7493653
  7468021
  7476568
  7476775
  7459286
  7466699
  7463829
  7454601
  7443852
  7468104
  7449061
  7458671
  7445813
  7455019
  7418479
  7455553
  7414319
  7502690
  7417707
  7407780
  7420033
  7403857
  7397233
  7416655
  7406069
  7405772
  7401743
  7414621
  7396616
  7378502
  7375833
  7350774
  7345051
  7341395
  7373322
  7368726
  7381685
  7368426
  7367073
  7367356
  7363519
  7347348
  7371651
  7320349
  7314093
  7329443
  7323892
  7344488
  7308936
  7313239
  7315214
  7308734
  7317768
  7314007
  7294558
  7306255
  7313716
  7359838
  7317137
  7303476
  7304134
  7273081
  7294876
  7290074
  7276485
  7277865
  7270875
  7280911
  7268328
  7260495
  7262709
  7242012
  7242693
  7258966
  7250993
  7231191
  7224617
  7233421
  7236819
  7223684
  7230818
  7228123
  7212568
  7298676
  7213600
  7203100
  7237594
  7230289
  7279849
  7213743
  7225261
  7178269
  7257810
  7200942
  7199955
  7207744
  7185427
  7171446
  7214421
  7169146
  7141268
  7155028
  7155726
  7154683
  7171775
  7120908
  7150186
  7149511
  7149325
  7149439
  7149298
  7123240
  7118320
  7181109
  7158815
  7109786
  7129308
  7134598
  7113762
  7118254
  7093375
  7091741
  7096992
  7098465
  7089066
  7102387
  7146045
  7096451
  7076555
  7090935
  7087372
  7064006
  7086619
  7071105
  7065338
  7069057
  7071581
  7049361
  7038957
  7062408
  7052836
  7059414
  7037703
  7023408
  7042413
  7017186
  7023498
  7024120
  7049429
  7000694
  7013713
  7023985
  6995978
  7004374
  6987534
  7014343
  7010212
  6993795
  6979114
  7065488
  6998049
  6996972
  6971187
  6991440
  6987723
  6973866
  6990282
  6953204
  6967135
  6961643
  6942788
  6914245
  6917953
  6938896
  6902715
  6945301
  6898950
  6904889
  6924361
  6930980
  6910161
  6905210
  6927347
  6890189
  6935150
  6882810
  6887368
  6870697
  6867864
  6898817
  6872566
  6868238
  6874010
  6859264
  6848236
  6864507
  6863375
  6849347
  6836649
  6841377
  6843882
  6847746
  6818712
  6815646
  6837167
  6803850
  6800063
  6801713
  6812649
  6799465
  6783652
  6791574
  6794008
  6771765
  6780210
  6771672
  6786134
  6856500
  6794178
  6776614
  6780735
  6750113
  6845183
  6761249
  6750905
  6765896
  6739160
  6768358
  6751214
  6767357
  6725865
  6777508
  6723915
  6692937
  6717480
  6682194
  6721501
  6682878
  6730357
  6710837
  6681037
  6670924
  6668518
  6658975
  6670305
  6678023
  6690656
  6658117
  6667349
  6652514
  6650524
  6707884
  6657394
  6632071
  6637788
  6625935
  6617707
  6621639
  6626231
  6613459
  6620459
  6623319
  6597450
  6619372
  6592145
  6584834
  6575484
  6575332
  6587830
  6580709
  6560499
  6572073
  6560826
  6554676
  6562067
  6585547
  6544352
  6563771
  6585093
  6562987
  6547143
  6535353
  6525848
  6547275
  6532231
  6525720
  6539215
  6508432
  6536366
  6528793
  6496310
  6547392
  6496670
  6469019
  6473417
  6459635
  6492169
  6465625
  6457667
  6485181
  6488821
  6447111
  6451485
  6491012
  6439168
  6445060
  6433887
  6466073
  6439574
  6434197
  6433164
  6422442
  6443359
  6427956
  6436122
  6422529
  6412947
  6398643
  6405409
  6404517
  6415173
  6389145
  6419998
  6404585
  6398577
  6383715
  6389710
  6404095
  6377594
  6391723
  6379906
  6396882
  6391005
  6378267
  6350582
  6365596
  6359477
  6355740
  6366060
  6353342
  6346630
  6340924
  6359552
  6358988
  6337512
  6342041
  6337050
  6342109
  6332850
  6410458
  6325271
  6346841
  6325392
  6321296
  6337922
  6310215
  6311904
  6323640
  6289628
  6300240
  6325074
  6263424
  6265532
  6281031
  6256262
  6252477
  6259571
  6262331
  6272965
  6271801
  6253502
  6248621
  6250898
  6248910
  6235356
  6233259
  6242884
  6233670
  6227626
  6223196
  6233554
  6232077
  6227720
  6236022
  6228986
  6217678
  6220003
  6209489
  6200554
  6193971
  6198504
  6201237
  6179643
  6186445
  6205823
  6181868
  6197653
  6177240
  6178235
  6158669
  6158498
  6169792
  6179828
  6159572
  6162592
  6154352
  6146054
  6164746
  6159676
  6146126
  6128484
  6168130
  6140426
  6147406
  6133151
  6119862
  6123084
  6128995
  6110460
  6122783
  6149666
  6097806
  6117408
  6122132
  6088448
  6125430
  6087716
  6086007
  6069391
  6068646
  6083873
  6059533
  6080226
  6053862
  6061285
  6056711
  6058913
  6048059
  6061840
  6044601
  6061679
  6037595
  6061603
  6029042
  6034532
  6034037
  6038067
  6024379
  6021744
  6039732
  6076251
  6038522
  6020185
  6016268
  5991279
  5994991
  5996319
  5975590
  5985040
  6000138
  5989426
  5958533
  5958781
  5954650
  5980877
  5952012
  5953521
  5956592
  5928019
  5943043
  5964077
  5927895
  5942361
  5939227
  5939440
  5929591
  5932357
  5896552
  5915266
  5926084
  5905271
  5890933
  5899962
  5934866
  5889061
  5910837
  5887746
  5882255
  5849853
  5876436
  5850540
  5869377
  5844652
  5836794
  5830610
  5833655
  5844149
  5858761
  5823040
  5841674
  5818819
  5829028
  5858138
  5824198
  5830184
  5820263
  5802647
  5869445
  5826665
  5810103
  5809122
  5794683
  5798028
  5787572
  5780203
  5786681
  5785632
  5770695
  5751134
  5755068
  5763491
  5741567
  5762032
  5745542
  5740036
  5752663
  5754006
  5730317
  5738586
  5757772
  5727818
  5721487
  5713944
  5802435
  5734069
  5735816
  5740995
  5703573
  5724305
  5717999
  5724187
  5758107
  5724995
  5772927
  5692990
  5668662
  5723680
  5671651
  5668390
  5670215
  5628029
  5668046
  5625620
  5682004
  5643282
  5649135
  5634867
  5624604
  5625714
  5623558
  5610853
  5665478
  5610218
  5595737
  5632423
  5618311
  5587056
  5589944
  5590866
  5599074
  5592564
  5600684
  5582832
  5595858
  5594221
  5577281
  5592687
  5604333
  5585894
  5566103
  5555506
  5586079
  5557047
  5562669
  5563521
  5558387
  5565896
  5549764
  5537820
  5553123
  5548449
  5562480
  5532276
  5523817
  5513253
  5537734
  5513186
  5522973
  5522519
  5527638
  5502842
  5497975
  5502392
  5512570
  5509046
  5514914
  5498646
  5510962
  5485250
  5519771
  5504658
  5498831
  5473094
  5488638
  5505446
  5458299
  5469936
  5460828
  5478491
  5489276
  5447417
  5472537
  5463408
  5478593
  5463797
  5434022
  5445633
  5430936
  5431866
  5431809
  5411197
  5402198
  5427234
  5397986
  5392322
  5418744
  5388529
  5387845
  5419726
  5415771
  5397831
  5374917
  5425141
  5427509
  5371971
  5375951
  5366106
  5368126
  5362942
  5372047
  5358586
  5385705
  5401554
  5348646
  5364395
  5351107
  5412648
  5363833
  5342284
  5345494
  5326612
  5329476
  5336208
  5323098
  5318052
  5325998
  5308744
  5334517
  5323718
  5305470
  5321689
  5308157
  5321899
  5298348
  5284204
  5291528
  5280589
  5286957
  5278448
  5273348
  5279960
  5258668
  5279248
  5288336
  5278855
  5343301
  5282475
  5272443
  5252613
  5273834
  5281897
  5271706
  5243528
  5262070
  5247357
  5241693
  5242403
  5256021
  5243760
  5258279
  5210389
  5187122
  5207689
  5185589
  5171437
  5199783
  5176696
  5178415
  5150396
  5159439
  5147780
  5153061
  5178355
  5178506
  5159346
  5136077
  5144436
  5141994
  5151924
  5148083
  5193503
  5135919
  5144397
  5122589
  5115584
  5151568
  5120066
  5148541
  5132590
  5095836
  5098861
  5107925
  5110213
  5089343
  5089072
  5083605
  5102898
  5061039
  5076631
  5058055
  5150048
  5078917
  5062163
  5057307
  5070628
  5052311
  5074070
  5061212
  5033966
  5029221
  5045516
  5072365
  5073233
  5039999
  5056235
  5040677
  5025453
  5040320
  5007467
  5030395
  5013714
  5020231
  5001919
  5024625
  4985851
  4980925
  4980495
  5030290
  4981433
  5015853
  4988046
  4977382
  4945176
  4958677
  4948839
  4952919
  4970241
  4954018
  4934641
  4952768
  4921316
  4930489
  4951068
  4914436
  4933896
  4912023
  4916944
  4963561
  4916799
  4921681
  4909212
  4941108
  4903673
  4919295
  4903272
  4911126
  4909382
  4872629
  4873279
  4884208
  4878109
  4864747
  4867173
  4854517
  4871102
  4872720
  4838851
  4852390
  4840410
  4834439
  4858822
  4852458
  4836570
  4828272
  4844649
  4855174
  4844860
  4826880
  4840837
  4817521
  4806379
  4807240
  4805669
  4885125
  4808148
  4829278
  4801218
  4815060
  4788886
  4811184
  4788999
  4808483
  4779298
  4804052
  4810757
  4740884
  4764582
  4739969
  4734020
  4769515
  4741611
  4726214
  4725082
  4740678
  4716871
  4714332
  4716045
  4722442
  4714408
  4728347
  4705661
  4713770
  4753009
  4694271
  4710446
  4699928
  4709295
  4694855
  4685328
  4684327
  4711961
  4700753
  4699202
  4699041
  4698674
  4684590
  4688163
  4687335
  4667036
  4654123
  4651973
  4663699
  4651807
  4661866
  4661507
  4658013
  4654670
  4629960
  4652107
  4665247
  4661795
  4656452
  4637049
  4657786
  4691683
  4629552
  4629147
  4690465
  4643305
  4646584
  4641889
  4638564
  4614637
  4632063
  4629006
  4635922
  4608388
  4618366
  4626629
  4602018
  4601083
  4630936
  4600303
  4601557
  4632565
  4603764
  4596096
  4576346
  4579941
  4583756
  4586065
  4574080
  4572502
  4572735
  4585806
  4555649
  4555840
  4559382
  4592601
  4562435
  4558736
  4547921
  4559524
  4558645
  4566655
  4548973
  4562506
  4549693
  4549882
  4538456
  4524733
  4548526
  4530932
  4528941
  4530239
  4514682
  4519813
  4522072
  4507028
  4566076
  4517352
  4504413
  4500239
  4502835
  4482893
  4505556
  4482743
  4493949
  4513135
  4502922
  4512408
  4477956
  4484023
  4498525
  4492325
  4478098
  4468140
  4482188
  4485332
  4471810
  4468299
  4469397
  4453649
  4454424
  4475904
  4452314
  4453739
  4449967
  4431820
  4424779
  4446236
  4423445
  4427594
  4445466
  4434482
  4430496
  4445546
  4448549
  4420549
  4409872
  4407280
  4431900
  4403741
  4406509
  4398755
  4411503
  4410671
  4412942
  4410597
  4401992
  4408929
  4395059
  4375699
  4375890
  4380680
  4376347
  4388919
  4388228
  4371563
  4379203
  4377977
  4370385
  4359329
  4356496
  4367820
  4353858
  4359237
  4348898
  4349518
  4356917
  4341682
  4362607
  4389513
  4334186
  4338022
  4347802
  4346466
  4382956
  4352246
  4342881
  4334452
  4324721
  4331712
  4337468
  4329266
  4316448
  4337820
  4304248
  4303686
  4304222
  4304693
  4290829
  4289010
  4305162
  4281015
  4279373
  4279505
  4295517
  4296421
  4269635
  4276660
  4273210
  4287450
  4264911
  4272626
  4259275
  4274955
  4276594
  4264999
  4256341
  4262124
  4264587
  4294251
  4259605
  4271185
  4262367
  4245581
  4252257
  4235306
  4257342
  4241890
  4243396
  4233475
  4235394
  4233652
  4236214
  4235188
  4213879
  4223954
  4227789
  4218550
  4213946
  4224993
  4191801
  4205795
  4214641
  4196932
  4201835
  4207385
  4248365
  4173933
  4189246
  4196416
  4182383
  4182539
  4190198
  4193981
  4170464
  4177546
  4182838
  4162555
  4179312
  4175945
  4182029
  4155232
  4152790
  4180163
  4141773
  4136457
  4150686
  4132782
  4153880
  4158125
  4134178
  4135019
  4147296
  4135949
  4148005
  4137272
  4126463
  4123849
  4125811
  4112792
  4112044
  4109822
  4117954
  4122692
  4110666
  4101888
  4090915
  4106971
  4144614
  4105478
  4094765
  4109610
  4093471
  4109521
  4100501
  4100568
  4103792
  4074755
  4077206
  4086404
  4072048
  4078811
  4055040
  4050246
  4064461
  4048702
  4056476
  4041604
  4054322
  4052919
  4052139
  4033662
  4023663
  4036128
  4057165
  4020262
  4047302
  4033172
  4046052
  4084246
  4008306
  4029941
  4025579
  4013087
  4022766
  4000410
  4013696
  4010938
  4020372
  4001110
  3992583
  4029874
  3988560
  3990200
  3980988
  3989093
  3991185
  3986589
  3985650
  3962777
  3976719
  3960497
  3958187
  3966641
  3952652
  3993899
  3954701
  3969729
  3960255
  3977684
  3975894
  3945435
  3979203
  3952508
  3944634
  3973196
  3984421
  3947964
  3929618
  3926791
  3948031
  3940937
  3918683
  3919969
  3928804
  3927224
  3911294
  3912645
  3924167
  3902631
  3911640
  3901377
  3909789
  3927347
  3894049
  3890982
  3956230
  3888463
  3896360
  3884721
  3875097
  3871047
  3892810
  3876120
  3875224
  3879315
  3935639
  3880772
  3875502
  3872560
  3868917
  3860578
  3871320
  3865328
  3853946
  3845869
  3873568
  3844471
  3860798
  3844814
  3833389
  3843570
  3848119
  3822491
  3819725
  3829093
  3823501
  3836772
  3822008
  3808765
  3807445
  3829444
  3809214
  3801228
  3801146
  3814481
  3805556
  3807009
  3805216
  3836196
  3798275
  3803573
  3799411
  3805631
  3783013
  3788236
  3793815
  3772981
  3775800
  3801337
  3769140
  3778170
  3780324
  3771265
  3773713
  3765480
  3776896
  3762036
  3750720
  3751658
  3752820
  3744044
  3756448
  3757086
  3749786
  3750393
  3748464
  3732800
  3743429
  3725015
  3739165
  3738194
  3748274
  3731319
  3732946
  3727208
  3744379
  3787333
  3736539
  3708363
  3712371
  3727877
  3704637
  3720946
  3728964
  3695279
  3684305
  3695346
  3676644
  3675499
  3677671
  3698593
  3674142
  3679563
  3681308
  3668945
  3666625
  3662997
  3664401
  3660605
  3654930
  3656280
  3662689
  3686989
  3656508
  3660691
  3652941
  3634253
  3656090
  3634979
  3634007
  3633829
  3638016
  3611445
  3607965
  3610005
  3603872
  3607167
  3611729
  3604598
  3611587
  3611017
  3599213
  3610514
  3600819
  3590816
  3590319
  3584060
  3607867
  3600624
  3597892
  3584631
  3637107
  3594307
  3578277
  3573586
  3587887
  3614361
  3566566
  3584356
  3587980
  3592643
  3561433
  3560410
  3547617
  3559332
  3541844
  3541285
  3544045
  3559888
  3556094
  3563086
  3546302
  3544252
  3531560
  3527514
  3521447
  3521380
  3547151
  3532690
  3523336
  3520941
  3552808
  3520785
  3519013
  3509751
  3508278
  3514402
  3509843
  3494317
  3495751
  3499969
  3481669
  3495298
  3473278
  3471701
  3476130
  3476802
  3474370
  3473799
  3467517
  3463579
  3472578
  3453172
  3462631
  3469131
  3463494
  3451047
  3498142
  3449421
  3455678
  3440328
  3439458
  3438630
  3449893
  3432988
  3423737
  3455848
  3423573
  3422774
  3420910
  3425513
  3417404
  3403600
  3400381
  3416848
  3417540
  3417745
  3415682
  3407165
  3419501
  3395784
  3386160
  3386248
  3407064
  3382616
  3398430
  3387859
  3388049
  3377590
  3414327
  3386474
  3381537
  3377477
  3369400
  3358182
  3354141
  3355544
  3348444
  3346100
  3370633
  3349491
  3344475
  3349397
  3351408
  3351342
  3328056
  3344937
  3326526
  3333966
  3324783
  3325557
  3323421
  3330092
  3324047
  3320649
  3331331
  3304564
  3365145
  3304838
  3316428
  3315040
  3358451
  3314207
  3299133
  3310736
  3309500
  3290793
  3291435
  3313004
  3300838
  3281872
  3299620
  3295478
  3300906
  3274874
  3309590
  3274287
  3274551
  3262260
  3260068
  3271498
  3255203
  3268427
  3276366
  3267794
  3256312
  3253361
  3242963
  3246773
  3241634
  3244836
  3235127
  3253594
  3234994
  3259596
  3241772
  3245185
  3230962
  3236034
  3236125
  3223634
  3264366
  3214026
  3221855
  3230382
  3213940
  3207959
  3225114
  3217685
  3229908
  3228198
  3202770
  3204970
  3202848
  3195481
  3204727
  3198947
  3189234
  3184104
  3173672
  3187840
  3172746
  3182617
  3181698
  3180547
  3167932
  3168301
  3154380
  3155633
  3184034
  3172401
  3165747
  3205208
  3171208
  3159756
  3167691
  3143668
  3205579
  3179767
  3160782
  3139684
  3162264
  3136980
  3141459
  3150837
  3160248
  3121414
  3130290
  3150653
  3136819
  3120792
  3124311
  3101323
  3125135
  3098275
  3097899
  3114289
  3113653
  3114020
  3097654
  3103687
  3082304
  3091381
  3099217
  3081269
  3085292
  3087621
  3078947
  3078110
  3093796
  3104572
  3110067
  3079757
  3086492
  3084685
  3061178
  3062579
  3076868
  3065182
  3052980
  3056443
  3061273
  3054049
  3058658
  3046452
  3042306
  3054952
  3054351
  3044506
  3033344
  3030488
  3033240
  3025397
  3037211
  3018736
  3017451
  3009162
  3035595
  3028960
  3025503
  3028364
  3018979
  3024603
  3018823
  3064631
  3016896
  3013242
  3014325
  3005904
  3039643
  3008399
  2977623
  3009599
  2978994
  2986750
  2978287
  2967623
  2977443
  2978355
  2981421
  2958724
  2953741
  2944148
  2960653
  2966120
  2965799
  2944750
  2943197
  2954643
  2965494
  2971595
  2943273
  2941428
  2937329
  2945864
  2940176
  2934064
  2931659
  2940476
  2935661
  2933842
  2921995
  2918631
  2934545
  2922678
  2918988
  2907982
  2906552
  2918321
  2893314
  2902779
  2893388
  2889098
  2902544
  2904598
  2892533
  2890096
  2918479
  2895338
  2899081
  2898789
  2875143
  2867838
  2880495
  2876923
  2843188
  2879985
  2870352
  2867218
  2868658
  2870620
  2875031
  2872479
  2862502
  2925691
  2858489
  2872582
  2843890
  2858363
  2945424
  2861156
  2847908
  2864312
  2825793
  2863913
  2823931
  2816379
  2823340
  2809846
  2801245
  2828017
  2798812
  2797416
  2819758
  2817338
  2804051
  2808341
  2788576
  2786723
  2799920
  2783073
  2791821
  2806120
  2776293
  2794495
  2776991
  2785216
  2814824
  2772736
  2777977
  2774585
  2772666
  2784260
  2755438
  2754743
  2761041
  2730342
  2755292
  2755776
  2761318
  2722051
  2732252
  2730207
  2752912
  2757457
  2741292
  2720644
  2720864
  2727354
  2727214
  2708652
  2713297
  2715404
  2705518
  2700806
  2726724
  2725892
  2716603
  2764604
  2701402
  2709734
  2714769
  2712569
  2706082
  2702947
  2686633
  2697325
  2668685
  2674021
  2700420
  2667786
  2650245
  2669753
  2648987
  2648084
  2646558
  2649305
  2638470
  2636169
  2648666
  2636338
  2634226
  2645453
  2640770
  2635937
  2633622
  2621906
  2659182
  2633437
  2636908
  2617613
  2635008
  2625592
  2611893
  2617179
  2621980
  2617404
  2613231
  2619529
  2613164
  2591798
  2590805
  2606211
  2589447
  2582787
  2580354
  2587003
  2584408
  2591376
  2575756
  2569815
  2586908
  2577734
  2597624
  2597439
  2573856
  2586750
  2566657
  2563370
  2553857
  2559431
  2575085
  2559094
  2575201
  2544725
  2562532
  2558950
  2570270
  2539989
  2538827
  2539872
  2539510
  2526019
  2535550
  2521948
  2532551
  2525302
  2517588
  2510344
  2515702
  2507573
  2506459
  2506091
  2504898
  2508996
  2523854
  2526584
  2514151
  2502356
  2503595
  2495185
  2484550
  2492127
  2502468
  2502585
  2507734
  2491994
  2495940
  2497869
  2484748
  2479257
  2480068
  2475914
  2480729
  2475730
  2465529
  2455026
  2452228
  2462940
  2505391
  2461837
  2457546
  2442528
  2446656
  2457121
  2450386
  2447901
  2432457
  2453510
  2441399
  2441618
  2432295
  2457944
  2448026
  2433585
  2421089
  2414855
  2436421
  2435735
  2415064
  2413783
  2407832
  2418584
  2425143
  2420785
  2406906
  2428536
  2433475
  2425571
  2402102
  2399731
  2383957
  2399817
  2383320
  2393289
  2397166
  2396985
  2382711
  2376483
  2395824
  2384768
  2374754
  2381583
  2361833
  2387015
  2370348
  2361510
  2355965
  2358140
  2364194
  2361161
  2357949
  2360892
  2392402
  2346808
  2366314
  2353650
  2336797
  2350593
  2329490
  2336970
  2337054
  2323334
  2330099
  2318682
  2310641
  2325206
  2309145
  2307319
  2319945
  2311228
  2304296
  2299975
  2310866
  2305840
  2317719
  2285592
  2302455
  2284093
  2304201
  2278826
  2337255
  2301348
  2267131
  2288046
  2269240
  2290310
  2267690
  2269571
  2319165
  2272965
  2281716
  2267512
  2258939
  2256715
  2285039
  2254382
  2242916
  2259006
  2237887
  2237820
  2236666
  2249731
  2246505
  2233730
  2231298
  2251862
  2242810
  2227742
  2233441
  2220274
  2212118
  2218458
  2245662
  2229343
  2214390
  2202016
  2204463
  2201430
  2215412
  2196814
  2207481
  2189872
  2197503
  2195563
  2192399
  2195683
  2194751
  2171790
  2177859
  2171981
  2154180
  2166719
  2170711
  2158147
  2175632
  2174296
  2176038
  2164870
  2169419
  2142427
  2163557
  2147668
  2155149
  2142044
  2143475
  2132782
  2145483
  2140179
  2131022
  2133532
  2112941
  2124256
  2107434
  2115315
  2119792
  2105436
  2119699
  2105313
  2111291
  2101821
  2122688
  2097107
  2094546
  2099880
  2088333
  2100960
  2087958
  2112184
  2087778
  2093613
  2085149
  2094357
  2096279
  2084296
  2084680
  2068312
  2077690
  2068021
  2062313
  2066915
  2049749
  2050857
  2060533
  2053688
  2046911
  2038634
  2033043
  2041265
  2078782
  2035015
  2046129
  2040782
  2040658
  2077428
  2038177
  2036416
  2056350
  2018170
  2026592
  2029567
  2034411
  2011927
  2009964
  2012053
  2005277
  2014233
  1993983
  1993731
  1991205
  1993095
  1989319
  1991376
  1982803
  1998234
  1982870
  1985404
  1990858
  1986011
  1983290
  2001875
  1985204
  1979027
  1982428
  1977046
  1985322
  1976928
  1969332
  1970599
  1970148
  1975118
  1970958
  1969473
  1972800
  1961382
  1969637
  1957771
  1961840
  1955181
  1956987
  1964482
  1959250
  1948511
  1953170
  1958329
  1946563
  1949942
  1943457
  1952788
  1944505
  1949215
  1951096
  1946181
  1973076
  1944749
  1947069
  1936060
  1937713
  1933660
  1961555
  1928772
  1925650
  1925831
  1924801
  1927101
  1914115
  1922581
  1921036
  1919118
  1919674
  1919241
  1919151
  1919175
  1913527
  1915557
  1907518
  1911814
  1905321
  1910550
  1916695
  1916505
  1961487
  1900427
  1899530
  1898807
  1960673
  1894822
  1890255
  1889267
  1886844
  1894424
  1889873
  1879587
  1879452
  1881162
  1962022
  1880815
  1874642
  1870916
  1875626
  1874801
  1869456
  1920856
  1869638
  1961573
  1875062
  1875814
  1872965
  1863348
  1895573
  1870121
  1962096
  1860600
  1856513
  1869753
  1849008
  1920970
  1855206
  1857014
  1844304
  1843833
  1842091
  1962170
  1844231
  1835857
  1835603
  1842766
  1833346
  1831661
  1835783
  1839003
  1851407
  1961639
  1829435
  1840215
  1839454
  1836038
  1825958
  1819550
  1818200
  1826471
  1823209
  1809955
  1810805
  1808748
  1807887
  1809383
  1806788
  1812619
  1799120
  1802472
  1808066
  1799222
  1804517
  1921103
  1799331
  1810965
  1799536
  1805799
  1806512
  1789599
  1800454
  1789367
  1962258
  1795857
  1961708
  1791538
  1780787
  1797223
  1922959
  1780658
  1962339
  1778766
  1752981
  1774778
  1748935
  1755395
  1754949
  1962412
  1961774
  1745261
  1742948
  1737787
  1750571
  1758442
  1747220
  1733860
  1734111
  1735115
  1738319
  1736148
  1962488
  1725990
  1726700
  1730202
  1725895
  1718747
  1721731
  1723075
  1721942
  1721121
  1708004
  1707070
  1706768
  1710802
  1704624
  1707246
  1694551
  1702821
  1695607
  1708494
  1702286
  1696259
  1703574
  1693594
  1698392
  1722981
  1685574
  1697836
  1692964
  1694045
  1923028
  1682022
  1679256
  1679029
  1694484
  1677548
  1679681
  1660934
  1674062
  1963152
  1680478
  1659129
  1654568
  1656927
  1653658
  1655741
  1648654
  1654340
  1963280
  1653147
  1658773
  1651690
  1654801
  1644122
  1645057
  1645856
  1637169
  1646633
  1922694
  1642975
  1961907
  1639153
  1650227
  1632635
  1633213
  1635846
  1630224
  1636641
  1626921
  1617854
  1629130
  1630115
  1624464
  1623006
  1963400
  1610522
  1611348
  1612742
  1611246
  1615565
  1608547
  1602999
  1602932
  1611169
  1613443
  1615839
  1639415
  1608065
  1596842
  1604660
  1605773
  1595174
  1616680
  1591470
  1623707
  1602429
  1594554
  1963521
  1582912
  1583783
  1574226
  1583157
  1586546
  1574841
  1583649
  1572606
  1572472
  1580504
  1569471
  1963594
  1562917
  1582311
  1563007
  1563415
  1576459
  1560595
  1558519
  1563696
  1561006
  1579770
  1561914
  1557774
  1963680
  1564182
  1554995
  1541980
  1541458
  1543037
  1542238
  1543420
  1547892
  1535015
  1532390
  1529830
  1529311
  1528135
  1528837
  1525394
  1522086
  1522230
  1531065
  1526833
  1527116
  1548614
  1512569
  1525115
  1513087
  1963753
  1517308
  1522475
  1511650
  1522831
  1963823
  1501611
  1494622
  1494250
  1506904
  1492059
  1498410
  1487379
  1488210
  1492300
  1488389
  1479046
  1481463
  1489688
  1478890
  1478707
  1482053
  1497472
  1483362
  1484117
  1472743
  1475341
  1463863
  1468448
  1464141
  1466911
  1475263
  1468185
  1458990
  1463717
  1464427
  1461741
  1456284
  1456978
  1458263
  1452927
  1450572
  1453020
  1454058
  1449264
  1449907
  1451387
  1452051
  1449800
  1435879
  1439646
  1446639
  1445309
  1431665
  1435260
  1457890
  1435670
  1434095
  1443441
  1425284
  1429657
  1424064
  1427768
  1411622
  1423026
  1410335
  1408971
  1423568
  1415440
  1407597
  1406651
  1415050
  1408423
  1420367
  1414763
  1398381
  1410324
  1394343
  1398607
  1394667
  1398418
  1410179
  1395661
  1412546
  1393986
  1420433
  1390618
  1415625
  1393823
  1403608
  1394636
  1386878
  1383992
  1386983
  1388348
  1383494
  1382729
  1380289
  1386155
  1378594
  1375314
  1374764
  1374785
  1420499
  1400338
  1371275
  1923668
  1375715
  1368608
  1372680
  1373153
  1376331
  1368497
  1369409
  1370716
  1372689
  1420565
  1372685
  1371238
  1363224
  1373309
  1415966
  1368768
  1359620
  1359985
  1365883
  1364845
  1353320
  1353743
  1415716
  1348537
  1923597
  1343444
  1340489
  1349589
  1350762
  1351208
  1343630
  1339572
  1415790
  1345627
  1334629
  1340632
  1334549
  1335793
  1923531
  1338240
  1337240
  1338076
  1331615
  1334720
  1322057
  1328354
  1420638
  1326443
  1329449
  1318561
  1326530
  1328915
  1319322
  1316285
  1415857
  1319138
  1316335
  1314750
  1316944
  1312877
  1312691
  1307652
  1420704
  1314680
  1923424
  1317690
  1317167
  1312527
  1312448
  1305008
  1309586
  1302566
  1300653
  1306570
  1302888
  1416003
  1923355
  1299600
  1295325
  1297280
  1295794
  1416145
  1416225
  1416303
  1420770
  1416438
  1416507
  1416573
  1416642
  1416720
  1416786
  1921740
  1416852
  1416918
  1416984
  1923268
  1417116
  1417185
  1420837
  1417320
  1417392
  1417458
  1417530
  1417596
  1417669
  1417735
  1417810
  1420971
  1417942
  1418008
  1418080
  1418146
  1418212
  1418278
  1418344
  1418410
  1418476
  1418545
  1271967
  1259022
  1269996
  1255485
  1263040
  1255776
  1275550
  1251320
  1260264
  1255226
  1260771
  1250391
  1245601
  1249967
  1249942
  1244932
  1244833
  1421949
  1421037
  1921631
  1244907
  1244356
  1242437
  1239238
  1246988
  1421103
  1237748
  1238703
  1247086
  1240367
  1239793
  1239177
  1247776
  1235178
  1238532
  1240920
  1235804
  1236632
  1237368
  1227625
  1421169
  1229799
  1229959
  1230104
  1227609
  1224869
  1421235
  1220457
  1222861
  1224831
  1219678
  1222389
  1219178
  1219643
  1220397
  1215539
  1211541
  1221449
  1218316
  1421301
  1214111
  1218038
  1216764
  1210169
  1202808
  1210344
  1921414
  1209366
  1204739
  1202945
  1197064
  1197500
  1197006
  1196468
  1192527
  1191709
  1193153
  1195243
  1194654
  1921484
  1194164
  1193489
  1193414
  1190840
  1189428
  1185819
  1192402
  1189935
  1184715
  1182500
  1186952
  1185011
  1189128
  1184343
  1421367
  1190254
  1182026
  1177118
  1172406
  1174065
  1175976
  1172434
  1171507
  1173744
  1173719
  1168949
  1167781
  1170802
  1421433
  1168514
  1168183
  1163222
  1165600
  1162423
  1164359
  1168074
  1418753
  1159568
  1421499
  1156358
  1162049
  1155487
  1161075
  1158624
  1161577
  1170420
  1157134
  1159593
  1150116
  1150523
  1149918
  1146909
  1149320
  1144279
  1148229
  1142440
  1144149
  1143126
  1421565
  1145029
  1148854
  1138946
  1141073
  1145370
  1137595
  1142375
  1139465
  1139438
  1138640
  1138522
  1418914
  1135409
  1421631
  1135316
  1139857
  1135754
  1134957
  1137913
  1128833
  1131243
  1130210
  1129866
  1129059
  1120772
  1123400
  1118508
  1421697
  1118010
  1126636
  1120980
  1123413
  1120520
  1117624
  1113416
  1115320
  1117766
  1120301
  1116333
  1421770
  1113395
  1118002
  1114110
  1116318
  1107217
  1108941
  1418980
  1111371
  1108969
  1108402
  1421836
  1104173
  1113412
  1105144
  1419046
  1097243
  1097078
  1101832
  1421902
  1099958
  1096516
  1101624
  1097853
  1100272
  1097442
  1094752
  1093803
  1093235
  1095332
  1098110
  1095004
  1091936
  1093641
  1094373
  1419113
  1094824
  1088359
  1089834
  1088287
  1086481
  1081005
  1080176
  1079755
  1078539
  1076289
  1076971
  1073958
  1077694
  1077574
  1075368
  1075912
  1069216
  1070904
  1071471
  1072663
  1068089
  1075034
  1072400
  1071926
  1073746
  1085983
  1419179
  1076281
  1063549
  1064017
  1064542
  1064263
  1069200
  1059530
  1059605
  1057743
  1057515
  1056557
  1419245
  1060490
  1055636
  1055832
  1058410
  1056707
  1055828
  1053019
  1922024
  1419311
  1053068
  1047803
  1056943
  1047308
  1054836
  1048364
  1047670
  1049162
  1058028
  1049136
  1044614
  1042093
  1045151
  1041393
  1034521
  1036430
  1040818
  1037709
  1028288
  1027316
  1025424
  1921957
  1028471
  1026676
  1023812
  1026672
  1023070
  1019721
  1020510
  1024174
  1022981
  1022925
  1017657
  1041121
  1021791
  1013027
  1018243
  1017599
  1017984
  1010292
  1009272
  1009112
  1922111
  1008843
  1008591
  1000979
  1009472
  1001189
  1419515
  1419856
   999691
   995416
  1001745
   995546
   994964
   998853
  1005251
   995542
   995500
   994543
   988912
   997116
   993383
  1419581
   993288
   988949
   989652
   982841
   982149
   982044
   979849
   977997
   978790
   978487
   977133
   974598
   975243
   979279
  1419647
   973026
   976764
   973646
   973831
   973470
   976980
   972315
   969636
   964871
   972849
   964698
   964348
   962723
   963212
   960653
   962272
   962368
  1419713
   957483
   961547
   954374
   954999
   956719
   954887
   958038
   957354
   954268
   956783
   946966
   954071
   950591
   948834
   950439
   944299
   941286
   940971
   944502
   940631
   937408
   939232
   937685
   941129
   935949
   941428
  1419779
   932947
   930935
   931548
   934104
   933695
   928759
   930642
   935486
   927531
   930989
   932659
   927868
   926270
   925757
   926196
   923558
   925731
   919840
   919329
   924526
   918339
   917208
   917763
   923139
   923218
   915943
   914242
   917138
   913774
   918125
   923555
   923221
   916549
   910420
   909571
  1419922
   911585
   913705
   906783
   907557
   905219
   901104
   906772
   902065
   905109
   899676
   916902
   899891
   896836
   899571
   896063
   897305
   900436
   889956
   894091
   892479
   894477
   894312
   893759
   894521
   902133
   891188
   889310
   888488
  1419964
   884650
   891651
   889265
   883751
   883695
   883515
   882383
   882629
   881701
   881560
   878086
   874552
   874687
   874662
   871759
   874347
   876855
   876301
   876318
   871971
   870668
   871224
  1420030
   871215
   873583
   868299
   864419
   871476
   863050
   866057
   866249
   863043
   860297
   859339
   860733
   860057
   862625
   852084
   851904
   858265
   851852
   854123
   850228
   852803
   846606
   854325
   852772
   849459
   848733
   863538
   847486
   849990
   842814
  1420096
   845894
   858209
   838849
   844363
   843738
   846632
   838537
   846293
   838673
   838829
   837839
   837605
  1420213
   830457
   832362
   837463
   838218
   832911
   829848
   836320
   836120
   829496
   829581
   837224
   824866
   828225
   830644
   822292
   834164
   823830
   819513
   819208
   820583
   825310
   815827
   820637
   817336
   820055
   816246
   818265
   818380
   810878
   810379
   809058
   811847
   811750
   808631
   811456
   804914
   811828
   807885
   807737
   807062
   818046
   807069
   801006
   802835
   805742
   804184
   803475
   800662
   801017
   804628
   800711
   804402
   794457
   794544
   794440
   789583
   788519
   794991
   787406
   793193
   787351
   792850
   788223
   789161
   792764
   792391
   788928
   793851
   783372
   786447
   781446
   781034
   781140
   792217
   777886
   781737
   779037
   779242
   779088
   775216
   784500
   776921
   776244
   777395
   775134
   769997
   769163
   773488
   772452
   770070
   767216
   763503
   770147
   763106
   778259
   771686
   765737
   769540
   767275
   764136
   758154
   761317
   777492
   764143
   759493
   759248
   758744
   763068
   754339
   756599
   752244
   752053
   753315
   754667
   749984
   750090
   753080
   751701
   749770
   751397
   743219
   751148
   742383
   745426
   745019
   752648
   743256
   743335
   739516
   745312
   739866
   738665
   747840
   739912
   731894
   732451
   732958
   732651
   731719
   739856
   735962
   750218
   732491
   725372
   728488
   725936
   725572
   728265
   729113
   726369
   724506
   712931
   721176
   724793
   726319
   722807
   722715
   715238
   721725
   721172
   735262
   720617
   709536
   715242
   712416
   716446
   710368
   703900
   703880
   703905
   704172
   696232
   704342
   695430
   695525
   700637
   700548
   696458
   696967
   698313
   695176
   700169
   