14531427 
14518227 
14517407 
14513475 
14512806 
14510074 
14499828 
14470721 
14462782 
13157360 
13151231 
13136635 
13134368 
13134093 
13130053 
13105149 
13104896 
13100064 
13099236 
13099089 
13093263 
13089030 
13083767 
13083620 
13082945 
13071254 
13064294 
13063918 
13065010 
13064138 
13062406 
13056552 
13052876 
13046148 
13045242 
13042631 
13048100 
13037031 
13035662 
13031684 
13030631 
13030100 
13030415 
13024638 
13010701 
13007478 
13000926 
13000685 
13000325 
12999221 
12997258 
12991919 
12988189 
12985072 
12980202 
12978110 
12982839 
12966888 
12968168 
12945818 
12939952 
12934882 
12935111 
12933066 
12932937 
12938556 
12933751 
12930654 
12921684 
12923099 
12920454 
12919884 
12918567 
12915972 
12915168 
12910928 
12907806 
12899799 
12892240 
12883866 
12881130 
12872056 
12871610 
12847335 
12843655 
12835561 
12825113 
12838248 
12811341 
12810261 
12815253 
12810870 
12813686 
12810581 
12809068 
12808466 
12805885 
12794815 
12790104 
12786663 
12780877 
12779529 
12781687 
12777526 
12775471 
12774628 
12774290 
12774527 
12778662 
12768017 
12766518 
12760249 
12765488 
12756504 
12753670 
12751912 
12748624 
12747064 
12744232 
12741955 
12727905 
12718451 
12718034 
12716026 
12715571 
12710052 
12703759 
12704771 
12699307 
12690395 
12687939 
12683930 
12681551 
12673676 
12672502 
12672569 
12670599 
12665070 
12659551 
12659417 
12658712 
12656127 
12656060 
12653737 
12651084 
12643302 
12641448 
12629542 
12616948 
12617310 
12615615 
12614858 
12612707 
12589499 
12577442 
12569044 
12567739 
12564025 
12556961 
12554048 
12559388 
12552422 
12548859 
12536739 
12532726 
12531608 
12528391 
12524367 
12519996 
12519309 
12518051 
12516463 
12512579 
12511803 
12513508 
12511111 
12509969 
12506585 
12499542 
12499475 
12494837 
12497740 
12492568 
12489890 
12483449 
12471763 
12469726 
12466532 
12464289 
12462792 
12461417 
12460638 
12458588 
12453744 
12447562 
12441027 
12440335 
12439340 
12436678 
12435001 
12434489 
12432854 
12432718 
12431850 
12431673 
12431555 
12428275 
12426574 
12425337 
12424234 
12418607 
12416610 
12404844 
12403417 
12393330 
12384942 
12376739 
12370043 
12368233 
12372485 
12364018 
12353726 
12351538 
12342329 
12362519 
12328018 
12327291 
12317179 
12325697 
12349798 
12312752 
12369649 
12357127 
12376314 
12328241 
12299221 
12339678 
12304028 
12375943 
12373981 
12279940 
12270450 
12270105 
12267698 
12262936 
12259847 
12259627 
12255516 
12246813 
12240661 
12234952 
12239217 
12225423 
12222358 
12224135 
12224086 
12220382 
12219512 
12216799 
12212949 
12209772 
12209606 
12204351 
12202840 
12201243 
12194781 
12191278 
12187298 
12185334 
12172237 
12163381 
12162108 
12161630 
12160961 
12158880 
12149422 
12143212 
12135298 
12133922 
12131541 
12130969 
12124689 
12119589 
12112717 
12112808 
12105952 
12104755 
12102482 
12103864 
12102947 
12100131 
12095728 
12092831 
12083228 
12071528 
12069554 
12067453 
12065346 
12068048 
12061959 
12058414 
12057459 
12053574 
12054568 
12052031 
12049578 
12053434 
12045757 
12034454 
12032555 
12020653 
12014731 
12010992 
12011073 
12009573 
12009322 
12008725 
12004979 
12003118 
11991734 
11986535 
11983313 
11980683 
11978954 
11978277 
11976341 
11971548 
11965352 
11959018 
11958725 
11957478 
11955643 
11954893 
11954260 
11953456 
11946467 
11946142 
11936215 
11933955 
11924520 
11909984 
11907635 
11902487 
11896989 
11870806 
11864285 
11858441 
11856878 
11855988 
11853305 
11848508 
11847798 
11848042 
11842637 
11840601 
11840265 
11840015 
11839764 
11837478 
11824030 
11821072 
11819948 
11814679 
11808178 
11805972 
11804929 
11804236 
11801587 
11800500 
11797451 
11795989 
11794634 
11793157 
11790864 
11787492 
11777609 
11768440 
11767360 
11761395 
11758710 
11755747 
11755130 
11748844 
11739480 
11738777 
11730475 
11727504 
11727407 
11727119 
11724841 
11719447 
11718211 
11713791 
11712300 
11711001 
11708827 
11705249 
11703306 
11703217 
11702249 
11697693 
11693907 
11691929 
11690958 
11687891 
11671795 
11671033 
11664447 
11663716 
11660067 
11659469 
11656199 
11655583 
11645763 
11643166 
11635442 
11632488 
11623732 
11622233 
11621966 
11625211 
11615477 
11608283 
11609796 
11609476 
11597717 
11591949 
11587663 
11583160 
11581930 
11575704 
11574654 
11570999 
11569876 
11565324 
11562082 
11561992 
11561854 
11560552 
11555785 
11559280 
11556104 
11554526 
11556636 
11553621 
11551290 
11545918 
11543889 
11543821 
11538723 
11529274 
11527422 
11518887 
11518262 
11517638 
11517154 
11514958 
11512676 
11509740 
11505631 
11505700 
11492949 
11492123 
11491621 
11489627 
11488736 
11486307 
11481130 
11472401 
11467732 
11467290 
11466872 
11466263 
11463826 
11463677 
11461894 
11459434 
11455695 
11444841 
11441566 
11438356 
11435058 
11427604 
11423639 
11422452 
11402033 
11398284 
11397598 
11396133 
11391493 
11390967 
11390843 
11388712 
11380895 
11380437 
11378515 
11370660 
11369083 
11368195 
11367371 
11365899 
11365829 
11365111 
11361111 
11358546 
11347545 
11353575 
11349014 
11338360 
11338862 
11338020 
11336427 
11333151 
11328844 
11328180 
11327424 
11326023 
11320976 
11319433 
11315812 
11316367 
11314155 
11307850 
11302260 
11296961 
11295030 
11294208 
11293593 
11291851 
11290679 
11287146 
11280303 
11271812 
11264954 
11264835 
11264724 
11264095 
11261912 
11259699 
11259095 
11252417 
11245294 
11245214 
11240913 
11239612 
11233708 
11228092 
11226598 
11211453 
11210152 
11209481 
11201045 
11198500 
11198003 
11197495 
11196385 
11195720 
11175330 
11173767 
11169356 
11165047 
11167803 
11162818 
11156233 
11155003 
11142601 
11139039 
11138693 
11137729 
11134659 
11132451 
11124314 
11124082 
11123213 
11122274 
11116293 
11114875 
11114566 
11108561 
11105479 
11105385 
11098990 
11096191 
11094890 
11089802 
11089280 
11086755 
11083589 
11082520 
11076953 
11074789 
11066765 
11062928 
11062665 
11057747 
11057273 
11042080 
11041906 
11039309 
11036382 
11036278 
11035849 
11031843 
11030421 
11029401 
11022859 
11021003 
11016942 
11016002 
11014860 
11011175 
11010715 
11007085 
11005700 
11000332 
11001312 
10996317 
10994805 
10991777 
10982111 
10980373 
10979778 
10979013 
10978311 
10976080 
10958471 
10954364 
10953796 
10948717 
10946546 
10941024 
10937792 
10937552 
10935383 
10933624 
10919509 
10918870 
10916679 
10918096 
10921653 
10914771 
10902965 
10901679 
10901229 
10902077 
10895937 
10892046 
10887957 
10887427 
10887137 
10882640 
10881272 
10883026 
10878166 
10872269 
10865769 
10867614 
10861878 
10851294 
10850788 
10849966 
10846678 
10846531 
10845012 
10836228 
10833344 
10833189 
10829288 
10828279 
10824198 
10822137 
10819340 
10808417 
10808074 
10806598 
10806030 
10802886 
10802227 
10800908 
10800769 
10800104 
10798960 
10791419 
10780928 
10780689 
10771785 
10771552 
10770586 
10768485 
10745333 
10743761 
10744823 
10741291 
10737219 
10737834 
10735171 
10732420 
10730561 
10729765 
10725618 
10722477 
10714494 
10711249 
10710584 
10706755 
10706132 
10697858 
10697379 
10697058 
10695116 
10687789 
10683649 
10680437 
10675970 
10675456 
10679412 
10676313 
10672120 
10669037 
10665761 
10664549 
10658027 
10656461 
10655456 
10653418 
10651500 
10639374 
10634199 
10628836 
10628611 
10625477 
10624305 
10617757 
10614088 
10609319 
10609730 
10611973 
10607540 
10606112 
10605771 
10605262 
10604104 
10603333 
10597742 
10592374 
10590156 
10588026 
10586945 
10582521 
10581878 
10580044 
10573858 
10569671 
10571165 
10561686 
10558547 
10553512 
10552670 
10548164 
10548388 
10546002 
10517063 
10516710 
10513706 
10507084 
10504099 
10500385 
10499987 
10498007 
10495719 
10490953 
10489776 
10490079 
10489676 
10477831 
10472892 
10468288 
10468044 
10470198 
10467735 
10464103 
10461189 
10459825 
10456954 
10455362 
10452573 
10450284 
10447038 
10446049 
10444404 
10442300 
10434860 
10433940 
10429741 
10415569 
10411863 
10400446 
10394741 
10391742 
10390265 
10385779 
10382869 
10381298 
10380488 
10375919 
10374051 
10368816 
10366668 
10365960 
10362130 
10361709 
10361631 
10362046 
10359388 
10359234 
10356337 
10356059 
10350529 
10351843 
10348021 
10341861 
10340368 
10324571 
10324077 
10299363 
10296918 
10295024 
10293377 
10290720 
10284022 
10278541 
10277749 
10275458 
10273911 
10272416 
10276029 
10260751 
10253917 
10248740 
10240409 
10240232 
10238259 
10232123 
10231591 
10230269 
10222510 
10217483 
10216133 
10215421 
10210712 
10206286 
10202172 
10198325 
10193139 
10183776 
10176680 
10169010 
10164561 
10164933 
10169322 
10163923 
10163026 
10161221 
10160790 
10158782 
10157026 
10153514 
10151585 
10147390 
10147003 
10143476 
10143239 
10142799 
10140311 
10133986 
10129194 
10125853 
10122133 
10116375 
10093886 
10093255 
10091348 
10085451 
10079205 
10074845 
10072451 
10068196 
10067176 
10067249 
10065535 
10056076 
10053305 
10046027 
10046669 
10042395 
10041942 
10040475 
10038837 
10037048 
10039821 
10036972 
10033744 
10032385 
10025799 
10023458 
10017057 
10010801 
10003145 
10006261 
9996746 
9995458 
9993039 
9980686 
9973767 
9971781 
9967906 
9965997 
9966077 
9965489 
9966878 
9957248 
9955688 
9948841 
9947292 
9947113 
9946769 
9946587 
9942589 
9941904 
9940999 
9934766 
9933093 
9923299 
9922786 
9919151 
9915586 
9908918 
9902786 
9878504 
9877376 
9877266 
9871703 
9871624 
9870830 
9866369 
9866091 
9854715 
9846040 
9845492 
9843893 
9841105 
9834613 
9833928 
9833432 
9832093 
9826852 
9826440 
9825055 
9822201 
9814600 
9803941 
9800969 
9797689 
9796309 
9793602 
9792898 
9792661 
9792585 
9789943 
9786369 
9777712 
9781011 
9772503 
9764509 
9760209 
9752173 
9749485 
9747197 
9742109 
9741989 
9735032 
9734732 
9731117 
9725706 
9723835 
9720892 
9717882 
9719906 
9718657 
9716327 
9713554 
9710672 
9708743 
9708015 
9706827 
9708929 
9700545 
9696599 
9691418 
9687412 
9678845 
9668663 
9664058 
9659860 
9659153 
9659487 
9656176 
9651129 
9649806 
9640500 
9639201 
9635399 
9634139 
9630769 
9629965 
9629597 
9622499 
9620069 
9609293 
9609100 
9608053 
9607212 
9603462 
9603125 
9598659 
9592829 
9592315 
9586046 
9585786 
9583489 
9581182 
9577014 
9570274 
9567266 
9566443 
9557295 
9556344 
9555163 
9552684 
9547386 
9545311 
9541416 
9539192 
9538187 
9533070 
9529206 
9526152 
9522443 
9518006 
9514803 
9512299 
9509543 
9507347 
9506570 
9502929 
9500305 
9496605 
9485889 
9484299 
9477019 
9475553 
9475341 
9475459 
9473131 
9471306 
9451470 
9447708 
9442942 
9442398 
9438367 
9438069 
9437252 
9432996 
9428339 
9421388 
9420818 
9419082 
9418854 
9407511 
9404310 
9402291 
9405157 
9403751 
9401027 
9397194 
9387364 
2843188 
2730342 
