 47498258
 47521240
 47522857
 47524154
 47533749
 47541891
 47543309
 47549287
 47550219
 47553399
 47557857
 47565093
 47567762
 47574316
 47574475
 47584596
 47584825
 47586097
 47586104
 47588924
 47596661
 47605461
 47611097
 47616710
 47619822
 47628112
 47629927
 47635458
 47636283
 47637175
 47638729
 47648359
 47651617
 47652582
 47654884
 47664432
 47676269
 47680849
 47681309
 47691918
 47694765
 47703820
 47706547
 47709548
 47711094
 47717381
 47728773
 47729615
 47729667
 47731974
 47740489
 47753818
 47757972
 47758145
 47762704
 47765563
 47775974
 47782186
 47783550
 47784397
 47796378
 47798113
 47798828
 47802323
 47804992
 47810426
 47821598
 47825893
 47831425
 47835335
 47843235
 47847568
 47849818
 47851161
 47852775
 47858668
 47867671
 47868569
 47870705
 47873018
 47882745
 47894724
 47897082
 47898469
 47904355
 47908434
 47916677
 47917100
 47920487
 47923011
 47925468
 47934313
 47935351
 47937688
 47940940
 47946646
 47959144
 47964267
 47964631
 47971776
 47974795
 47982605
 47984002
 47984142
 47991178
 47992036
 47997619
 47999759
 48000114
 48002556
 48011694
 48028693
 48029593
 48031095
 48037793
 48038927
 48048382
 48049069
 48052951
 48056224
 48058935
 48060055
 48068176
 48068381
 48069810
 48071974
 48079846
 48092539
 48094501
 48094506
 48097286
 48102497
 48109719
 48114637
 48117995
 48119773
 48119959
 48129612
 48129619
 48130946
 48133743
 48142473
 48154427
 48159115
 48159284
 48167052
 48170316
 48177525
 48178098
 48181312
 48183854
 48188077
 48188084
 48198961
 48198967
 48200441
 48203103
 48207265
 48218050
 48223499
 48223558
 48229148
 48233657
 48243211
 48244196
 48249068
 48251785
 48252238
 48260952
 48262715
 48264055
 48265000
 48272208
 48283202
 48285201
 48289784
 48294146
 48302015
 48302939
 48306249
 48308484
 48313029
 48314099
 48323619
 48325552
 48325987
 48327769
 48335211
 48350061
 48356602
 48356908
 48360690
 48363426
 48372114
 48373813
 48378036
 48380372
 48386804
 48392756
 48393841
 48395669
 48397059
 48403835
 48414742
 48418375
 48418801
 48424313
 48425962
 48437006
 48437579
 48441215
 48443387
 48444444
 48453627
 48453772
 48455586
 48456869
 48464455
 48475616
 48479985
 48480802
 48488067
 48489922
 48498050
 48499956
 48502124
 48504803
 48506081
 48506391
 48529716
 48538010
 48548560
 48562150
 48584640
 48594489
 48599429
 48600161
 48603857
 48608722
 48616078
 48616714
 48619468
 48621233
 48624218
 48627801
 48632242
 48632441
 48635002
 48636225
 48644494
 48659189
 48663162
 48663355
 48670314
 48672871
 48684437
 48686076
 48687720
 48690524
 48692010
 48692869
 48705189
 48710013
 48717507
 48730216
 48734910
 48735469
 48741337
 48742291
 48750603
 48751434
 48754194
 48755718
 48758682
 48761598
 48769882
 48770121
 48771083
 48773125
 48781868
 48797336
 48799431
 48799608
 48804322
 48805821
 48813606
 48814181
 48817107
 48819882
 48822011
 48823023
 48831870
 48834495
 48834706
 48836588
 48843194
 48852836
 48857745
 48858160
 48862366
 48868147
 48874169
 48874407
 48877274
 48878548
 48881956
 48892419
 48892617
 48894077
 48895294
 48902889
 48915848
 48919853
 48920679
 48925537
 48935144
 48936433
 48938001
 48944125
 48944661
 48950780
 48952461
 48954255
 48954777
 48961030
 48975334
 48975956
 48978057
 48982512
 48983539
 48992403
 48994481
 48997864
 49000278
 49000448
 49010701
 49011335
 49011569
 49012609
 49019240
 49033355
 49040314
 49042408
 49046595
 49054418
 49055421
 49058001
 49062743
 49062945
 49070377
 49073779
 49073984
 49075389
 49085340
 49099336
 49103359
 49108099
 49111365
 49122795
 49123737
 49123870
 49125904
 49127995
 49128681
 49140272
 49141499
 49141699
 49143943
 49152174
 49165996
 49171478
 49171532
 49175948
 49178699
 49189962
 49191712
 49194680
 49196739
 49200002
 49200927
 49209998
 49211609
 49212932
 49214507
 49224537
 49236393
 49241665
 49241972
 49243961
 49246390
 49253875
 49255294
 49258355
 49259183
 49263291
 49263297
 49274090
 49276071
 49278002
 49283537
 49288306
 49298115
 49301922
 49302117
 49306549
 49309758
 49318169
 49319646
 49322749
 49323799
 49326554
 49337761
 49337793
 49339100
 49340550
 49348358
 49357411
 49361128
 49361283
 49369936
 49369942
 49378246
 49386640
 49388200
 49396523
 49396551
 49398729
 49400041
 49418009
 49423644
 49427924
 49433825
 49442326
 49445937
 49449000
 49451724
 49451774
 49463125
 49463269
 49465081
 49466087
 49489239
 49489389
 49492655
 49495840
 49504289
 49505655
 49508505
 49510309
 49512934
 49513095
 49523984
 49525885
 49526956
 49535889
 49546739
 49550437
 49550654
 49557875
 49568297
 49568417
 49572538
 49573254
 49574635
 49575501
 49587499
 49588274
 49589165
 49591123
 49598403
 49612266
 49615916
 49617064
 49621578
 49623665
 49630351
 49630950
 49634028
 49637340
 49640497
 49640526
 49649294
 49649305
 49650077
 49653055
 49661526
 49668803
 49672244
 49672375
 49677757
 49680078
 49688019
 49688708
 49691737
 49694820
 49697109
 49697137
 49707518
 49707533
 49709659
 49710641
 49717276
 49729775
 49733242
 49734367
 49737842
 49739193
 49749032
 49750664
 49751931
 49754755
 49758588
 49759044
 49764565
 49764585
 49765884
 49767907
 49776682
 49785439
 49790020
 49791230
 49796874
 49801145
 49806987
 49809876
 49812549
 49816528
 49818181
 49823917
 49824605
 49826725
 49827462
 49847483
 49851027
 49851177
 49858413
 49862122
 49867628
 49869917
 49872336
 49874179
 49874463
 49876240
 49889728
 49889962
 49890369
 49892438
 49900376
 49912513
 49914488
 49914677
 49920738
 49924479
 49931403
 49932546
 49934373
 49940683
 49943700
 49955546
 49957197
 49957222
 49960278
 49966637
 49983357
 49986215
 49995418
 49995576
 50003073
 50004144
 50009066
 50014104
 50025351
 50025588
 50026841
 50034720
 50044689
 50051228
 50051402
 50051541
 50058307
 50062710
 50072540
 50074181
 50078088
 50084811
 50088519
 50093492
 50093517
 50094929
 50098626
 50106019
 50114807
 50121585
 50121747
 50126142
 50131345
 50138300
 50140727
 50141858
 50146678
 50156535
 50158071
 50159024
 50181745
 50185625
 50188062
 50188771
 50191240
 50199992
 50202239
 50203686
 50212844
 50223444
 50223489
 50224064
 50224417
 50224784
 50242507
 50247296
 50247460
 50250644
 50255491
 50262698
 50265604
 50266816
 50272411
 50282170
 50282459
 50284308
 50285750
 50295435
 50304307
 50309004
 50310078
 50316834
 50317654
 50327929
 50329961
 50333794
 50344039
 50345286
 50345282
 50356314
 50365011
 50370592
 50371107
 50377416
 50380744
 50387603
 50387798
 50390381
 50395206
 50405935
 50408244
 50409439
 50410323
 50423148
 50428007
 50432021
 50432855
 50439519
 50443320
 50453071
 50454641
 50459100
 50462142
 50473093
 50473515
 50473533
 50477250
 50483424
 50495640
 50500755
 50501886
 50509791
 50512766
 50519655
 50520034
 50523076
 50528592
 50537091
 50538318
 50538544
 50540694
 50550799
 50559476
 50565314
 50565517
 50569743
 50570905
 50581605
 50584139
 50588623
 50599152
 50600381
 50601262
 50602476
 50612975
 50624135
 50629199
 50629416
 50630310
 50635721
 50646417
 50647850
 50650991
 50655584
 50655618
 50666302
 50666483
 50666507
 50668073
 50678285
 50690406
 50693974
 50694004
 50698370
 50702119
 50708533
 50710163
 50712694
 50719036
 50726234
 50726649
 50728314
 50729731
 50738084
 50749106
 50754841
 50755595
 50761573
 50765456
 50772944
 50776324
 50779393
 50788093
 50800597
 50800866
 50803189
 50803424
 50813001
 50825666
 50832559
 50833090
 50838216
 50839207
 50849520
 50852478
 50853317
 50857119
 50867272
 50870188
 50870459
 50871670
 50880580
 50891438
 50895158
 50896205
 50901696
 50906619
 50914540
 50919885
 50922204
 50931203
 50931538
 50933354
 50935192
 50944380
 50953722
 50958242
 50959233
 50964907
 50968963
 50977075
 50977876
 50980919
 50986357
 50995829
 50997204
 50997584
 50999219
 51008894
 51018783
 51022045
 51024375
 51027897
 51031855
 51039217
 51039651
 51042568
 51048480
 51058224
 51058409
 51059682
 51061199
 51070274
 51080733
 51085960
 51087322
 51093960
 51095684
 51101832
 51102762
 51106301
 51121003
 51121706
 51122043
 51123268
 51131814
 51141562
 51146104
 51146229
 51153081
 51155986
 51166771
 51169803
 51179221
 51187890
 51189077
 51189992
 51191884
 51198765
 51209198
 51214893
 51215498
 51223864
 51226298
 51233206
 51235016
 51237618
 51243663
 51250835
 51253880
 51253876
 51255438
 51262823
 51272410
 51278977
 51279973
 51287094
 51287526
 51295575
 51296109
 51299983
 51302214
 51309538
 51311287
 51312953
 51315345
 51324507
 51338729
 51340388
 51342093
 51350094
 51359826
 51361775
 51365218
 51368276
 51379022
 51380141
 51385290
 51386089
 51394999
 51408900
 51412883
 51413540
 51418349
 51420297
 51431166
 51432280
 51435651
 51441232
 51454389
 51455319
 51456347
 51457666
 51470044
 51480467
 51484001
 51484823
 51489703
 51492901
 51500715
 51503174
 51506781
 51511346
 51519497
 51519890
 51520956
 51522160
 51532191
 51545221
 51551601
 51552308
 51558789
 51562889
 51572905
 51576421
 51578052
 51583363
 51593744
 51595340
 51595350
 51598516
 51605558
 51618566
 51622745
 51622884
 51628760
 51633116
 51643075
 51645676
 51647936
 51656712
 51666070
 51667141
 51668044
 51670627
 51684642
 51698832
 51699907
 51700142
 51705751
 51710360
 51720819
 51726662
 51738299
 51738295
 51738740
 51744495
 51751248
 51772560
 51773530
 51779505
 51782238
 51792976
 51794235
 51797035
 51805406
 51811017
 51811275
 51814048
 51818001
 51825229
 51838535
 51841970
 51843096
 51848546
 51852168
 51862174
 51863241
 51865320
 51882607
 51882799
 51883223
 51885944
 51893912
 51907274
 51909546
 51916028
 51916349
 51920620
 51923480
 51933909
 51935047
 51945152
 51950703
 51953138
 51953147
 51954078
 51957444
 51964856
 51975331
 51980589
 51980616
 51985576
 51988454
 51999769
 52000663
 52004672
 52007517
 52022382
 52022609
 52026737
 52029158
 52041829
 52049881
 52055753
 52059026
 52065133
 52067761
 52075121
 52076387
 52081204
 52085700
 52098262
 52099957
 52100331
 52109305
 52121533
 52125396
 52126741
 52129756
 52135076
 52144188
 52144820
 52146464
 52150881
 52159921
 52160072
 52160709
 52162350
 52168923
 52171812
 52185027
 52187121
 52188647
 52196970
 52199034
 52206429
 52208416
 52217305
 52226475
 52226482
 52230016
 52230188
 52238279
 52250308
 52258130
 52261390
 52262586
 52269471
 52273473
 52281751
 52289044
 52289899
 52291583
 52298886
 52298910
 52304799
 52317628
 52322865
 52332359
 52333219
 52341751
 52342526
 52345520
 52350136
 52360298
 52362796
 52365569
 52365974
 52374827
 52389630
 52392060
 52392558
 52398346
 52399629
 52410445
 52410743
 52414668
 52418879
 52433693
 52434392
 52436337
 52436532
 52444967
 52454707
 52459486
 52462173
 52464825
 52466455
 52477645
 52479967
 52482104
 52488673
 52497384
 52498501
 52502748
 52503098
 52512640
 52526139
 52528172
 52531740
 52533347
 52536603
 52543042
 52544614
 52546162
 52554178
 52561408
 52563450
 52564411
 52566651
 52575438
 52587204
 52591990
 52593466
 52603240
 52603406
 52612089
 52614186
 52622737
 52634408
 52635312
 52636343
 52638284
 52646338
 52663221
 52666222
 52670173
 52675196
 52680229
 52683372
 52685889
 52690369
 52700224
 52702649
 52702856
 52704342
 52712185
 52725064
 52727441
 52727797
 52732462
 52736115
 52746624
 52747799
 52760036
 52772336
 52773790
 52773832
 52775542
 52783661
 52801117
 52805698
 52812920
 52815295
 52822932
 52824331
 52827154
 52834450
 52842135
 52845448
 52845466
 52848155
 52855498
 52869438
 52872521
 52872526
 52878670
 52883811
 52891653
 52897614
 52902189
 52911243
 52911786
 52912883
 52914333
 52921999
 52934582
 52937484
 52937581
 52942569
 52946699
 52955530
 52958819
 52959585
 52963821
 52971597
 52971793
 52974564
 52976262
 52985190
 52998666
 53001266
 53001409
 53004112
 53006800
 53014211
 53016828
 53020990
 53025520
 53033909
 53034149
 53035153
 53036008
 53044523
 53059581
 53060630
 53063859
 53067502
 53072962
 53074534
 53083560
 53091546
 53092609
 53094137
 53094851
 53101467
 53115371
 53121751
 53128035
 53140118
 53141439
 53151269
 53158775
 53159897
 53163193
 53164216
 53172250
 53187794
 53192497
 53197761
 53202008
 53208785
 53210615
 53216965
 53221449
 53228272
 53230063
 53231661
 53234589
 53243410
 53258382
 53261272
 53262503
 53266754
 53272637
 53278669
 53280830
 53285596
 53291030
 53299972
 53301164
 53304098
 53306106
 53313684
 53327910
 53329742
 53332809
 53336938
 53342326
 53348788
 53352044
 53355690
 53362034
 53371920
 53372123
 53372128
 53374810
 53384063
 53398730
 53401709
 53402549
 53407998
 53410196
 53417999
 53419873
 53423046
 53426076
 53433323
 53435221
 53438957
 53441002
 53448645
 53458169
 53466278
 53466993
 53475395
 53477670
 53486161
 53488099
 53493408
 53498044
 53506088
 53506502
 53512240
 53513825
 53522172
 53533072
 53538957
 53545951
 53548016
 53553191
 53559344
 53563583
 53568511
 53570102
 53575554
 53577414
 53588086
 53597636
 53606005
 53606880
 53613873
 53615727
 53625688
 53627852
 53630577
 53639689
 53644722
 53644750
 53651005
 53651628
 53661111
 53674243
 53678117
 53679509
 53683893
 53685742
 53693245
 53695260
 53698282
 53704585
 53709879
 53711767
 53715299
 53716600
 53726007
 53736141
 53739852
 53739975
 53745620
 53750219
 53758421
 53759452
 53761507
 53766604
 53775582
 53776469
 53780910
 53783256
 53790592
 53803035
 53809240
 53809400
 53814929
 53817321
 53826819
 53828285
 53829196
 53836374
 53845023
 53845181
 53848853
 53850744
 53858795
 53870351
 53872785
 53872780
 53878271
 53879295
 53888169
 53888447
 53894410
 53903429
 53910437
 53915870
 53916098
 53917617
 53926506
 53937020
 53940660
 53941064
 53946996
 53950570
 53956110
 53959565
 53959991
 53963668
 53971415
 53973866
 53977772
 53979384
 53988612
 53999061
 54003943
 54004239
 54011343
 54012753
 54020880
 54025533
 54025761
 54029938
 54037016
 54037815
 54041214
 54043826
 54056343
 54066920
 54075038
 54076514
 54083569
 54083577
 54091041
 54092979
 54096141
 54103443
 54107006
 54114451
 54115435
 54126104
 54136775
 54141135
 54142015
 54149517
 54149555
 54153178
 54156066
 54158599
 54163573
 54169712
 54169733
 54174267
 54176380
 54185061
 54193634
 54199129
 54200930
 54208060
 54209416
 54215967
 54220611
 54228405
 54230510
 54236362
 54236370
 54242459
 54243668
 54253920
 54262986
 54272192
 54272788
 54280106
 54280892
 54290766
 54291619
 54298550
 54300063
 54306468
 54307608
 54311854
 54312593
 54323913
 54332931
 54338656
 54339274
 54344457
 54348067
 54353336
 54354695
 54356841
 54366561
 54370607
 54371308
 54375267
 54377059
 54386897
 54397318
 54401701
 54402727
 54408637
 54410447
 54420619
 54422658
 54430863
 54433758
 54435720
 54438722
 54448814
 54450356
 54451324
 54459664
 54471072
 54477949
 54480140
 54481484
 54483304
 54485951
 54498373
 54498576
 54499468
 54506649
 54510556
 54515204
 54515985
 54518060
 54529391
 54542671
 54545706
 54547965
 54554693
 54556871
 54565691
 54566903
 54569348
 54572725
 54580447
 54581415
 54585486
 54586031
 54592777
 54601442
 54609321
 54610525
 54616548
 54617261
 54624349
 54627599
 54629904
 54638861
 54639656
 54646463
 54651523
 54654130
 54656108
 54665564
 54668015
 54671135
 54675590
 54677784
 54686760
 54689453
 54697482
 54697487
 54701195
 54701382
 54706066
 54707057
 54713573
 54725534
 54730031
 54731521
 54736599
 54738460
 54748391
 54749881
 54752313
 54752527
 54767309
 54770500
 54772366
 54773337
 54780702
 54784103
 54796108
 54796226
 54802629
 54802814
 54807944
 54810395
 54819035
 54820301
 54826033
 54832439
 54832624
 54836586
 54837452
 54837633
 54847801
 54860021
 54864512
 54864777
 54873484
 54876316
 54887355
 54887363
 54891028
 54898659
 54903307
 54906225
 54910790
 54912510
 54920481
 54934188
 54938670
 54938844
 54944792
 54946724
 54954794
 54957333
 54958775
 54966615
 54971859
 54972221
 54976202
 54979327
 54989284
 54999947
 55006244
 55006417
 55013182
 55015300
 55023837
 55027287
 55028775
 55035623
 55041928
 55045263
 55048309
 55049194
 55057795
 55068550
 55074196
 55074963
 55079226
 55081478
 55086364
 55089601
 55092802
 55099212
 55102592
 55103017
 55108377
 55109209
 55122069
 55129991
 55135787
 55135813
 55141772
 55144295
 55153465
 55155657
 55158551
 55162865
 55172451
 55172465
 55178330
 55181011
 55188992
 55199217
 55205538
 55206363
 55211900
 55214006
 55221384
 55225103
 55228002
 55235095
 55240387
 55240544
 55245162
 55248378
 55256648
 55274175
 55274220
 55279499
 55281431
 55287965
 55289762
 55294383
 55297605
 55304984
 55305166
 55310657
 55311418
 55319802
 55333959
 55337635
 55337933
 55345334
 55347378
 55356144
 55359109
 55362820
 55368910
 55375817
 55376682
 55381994
 55383072
 55392180
 55406055
 55410225
 55411746
 55416953
 55418326
 55425280
 55427035
 55428755
 55435992
 55441413
 55441134
 55445722
 55447452
 55457757
 55467444
 55474359
 55474524
 55482879
 55484341
 55491810
 55493417
 55495826
 55501992
 55509226
 55509401
 55516856
 55517021
 55524471
 55534444
 55540141
 55542174
 55546549
 55551075
 55556674
 55557928
 55565382
 55568154
 55575324
 55575528
 55582285
 55583059
 55591099
 55602332
 55605191
 55605231
 55612249
 55614925
 55624738
 55625218
 55628666
 55632295
 55639421
 55639565
 55644337
 55646735
 55654431
 55664818
 55671518
 55671545
 55676525
 55679678
 55680845
 55688618
 55690403
 55690455
 55696550
 55700850
 55701024
 55704719
 55706589
 55717021
 55726195
 55732289
 55733553
 55738569
 55740202
 55749075
 55750583
 55752397
 55759638
 55768825
 55769276
 55772687
 55773893
 55783885
 55791870
 55801165
 55801672
 55811569
 55811734
 55818621
 55819842
 55823460
 55827881
 55833236
 55833388
 55841557
 55842675
 55850548
 55858331
 55864444
 55865139
 55874357
 55874942
 55881041
 55882728
 55888089
 55891615
 55896109
 55897234
 55901177
 55903518
 55912148
 55924561
 55928447
 55928820
 55936523
 55938118
 55945879
 55949347
 55951056
 55956428
 55964469
 55965340
 55970855
 55972554
 55981478
 55991663
 55995420
 55999525
 55999911
 56005780
 56005922
 56016716
 56020201
 56022295
 56024912
 56030786
 56031478
 56036633
 56038701
 56047511
 56056872
 56060435
 56061924
 56066436
 56070870
 56077892
 56078683
 56082214
 56086193
 56093210
 56093773
 56100636
 56101495
 56109596
 56118642
 56125570
 56125795
 56133463
 56134923
 56142055
 56143252
 56149315
 56152565
 56159318
 56159841
 56165728
 56167314
 56176558
 56185439
 56190760
 56191267
 56202059
 56203531
 56210322
 56212618
 56216214
 56220684
 56227446
 56228584
 56234341
 56238372
 56244477
 56255819
 56260864
 56260994
 56267855
 56270054
 56277720
 56279523
 56281178
 56287754
 56289884
 56291484
 56295486
 56296443
 56306693
 56313739
 56321623
 56321633
 56327632
 56329959
 56338451
 56342913
 56344180
 56349828
 56352964
 56353350
 56357841
 56359085
 56370994
 56381238
 56386111
 56386131
 56391657
 56394672
 56401347
 56402756
 56405714
 56411334
 56418318
 56420149
 56423465
 56425741
 56436222
 56443112
 56448024
 56449584
 56455188
 56460313
 56467484
 56468368
 56472697
 56476573
 56480502
 56482265
 56489260
 56489283
 56500255
 56512596
 56515965
 56517018
 56522094
 56525311
 56532144
 56533640
 56534356
 56539164
 56546124
 56550237
 56553727
 56554840
 56564313
 56575205
 56579298
 56580570
 56583589
 56586688
 56595273
 56596597
 56600444
 56605066
 56610448
 56610600
 56614128
 56615304
 56625533
 56635159
 56639530
 56640353
 56645848
 56648001
 56655943
 56657289
 56660390
 56664515
 56668305
 56670721
 56674630
 56675389
 56685373
 56695949
 56698152
 56706064
 56708319
 56714886
 56715771
 56718702
 56724529
 56731691
 56732105
 56737851
 56740117
 56749388
 56759502
 56764920
 56765815
 56772009
 56775799
 56783900
 56786440
 56790389
 56797846
 56798739
 56802453
 56804638
 56812062
 56820430
 56827651
 56827663
 56834814
 56840710
 56841544
 56844921
 56851165
 56858994
 56861861
 56862956
 56871494
 56881513
 56886913
 56887072
 56891563
 56893790
 56901785
 56903117
 56908611
 56911701
 56915930
 56917861
 56920972
 56922185
 56931595
 56940871
 56946593
 56948243
 56955023
 56956289
 56965958
 56966361
 56970241
 56989823
 56990750
 56995665
 56996947
 57003830
 57015787
 57023205
 57023942
 57032333
 57032682
 57038525
 57044259
 57048569
 57055008
 57055153
 57060161
 57061579
 57070722
 57080274
 57087977
 57088165
 57096952
 57096962
 57103610
 57105314
 57110962
 57114345
 57120577
 57122224
 57126720
 57129243
 57137212
 57148385
 57153398
 57153557
 57161329
 57164379
 57171853
 57174966
 57178378
 57184094
 57189850
 57189886
 57196046
 57198635
 57205735
 57221572
 57229152
 57229404
 57233829
 57234678
 57244286
 57245553
 57248038
 57253422
 57258164
 57259522
 57261971
 57263670
 57273269
 57284185
 57289610
 57289629
 57297920
 57298080
 57315104
 57317807
 57317855
 57330348
 57331673
 57333472
 57340165
 57341403
 57350357
 57363810
 57368154
 57368340
 57375218
 57376944
 57383116
 57384388
 57388661
 57395213
 57395594
 57395613
 57402499
 57409530
 57414706
 57422754
 57429044
 57433017
 57435403
 57438609
 57446306
 57446508
 57449085
 57455546
 57461538
 57467989
 57472894
 57478275
 57488664
 57494400
 57495900
 57501418
 57504751
 57512206
 57516438
 57516670
 57522367
 57522955
 57529520
 57529544
 57536318
 57538153
 57547593
 57556752
 57562083
 57562128
 57569107
 57569251
 57580108
 57581592
 57585181
 57585236
 57593517
 57599036
 57599238
 57604572
 57606638
 57607136
 57615959
 57626898
 57632637
 57634720
 57640407
 57641597
 57655498
 57656115
 57659399
 57664476
 57665204
 57672891
 57673807
 57679994
 57682262
 57689864
 57700593
 57706137
 57706147
 57713425
 57713547
 57722444
 57724042
 57728219
 57730166
 57736614
 57742386
 57743329
 57749298
 57749966
 57760045
 57772208
 57777340
 57778712
 57783892
 57787413
 57796708
 57797465
 57799170
 57805974
 57806407
 57813230
 57814923
 57819021
 57820128
 57828675
 57842081
 57848251
 57849822
 57852840
 57855633
 57865960
 57866474
 57871437
 57873464
 57878635
 57880844
 57884025
 57887105
 57893753
 57901486
 57911186
 57923675
 57925556
 57930960
 57933180
 57933754
 57936600
 57941805
 57943404
 57952323
 57953110
 57956189
 57959110
 57967771
 57978127
 57983261
 57983662
 57989410
 57989419
 57997790
 57999917
 58004100
 58004096
 58007576
 58011882
 58019554
 58021409
 58024498
 58026346
 58034596
 58048274
 58052543
 58053211
 58058130
 58059013
 58067564
 58069102
 58072014
 58074833
 58080204
 58080215
 58087930
 58089038
 58093907
 58095935
 58105302
 58119623
 58123218
 58123325
 58128891
 58131594
 58141354
 58143028
 58145871
 58146374
 58152925
 58154404
 58159842
 58160774
 58164776
 58167537
 58180120
 58188576
 58192232
 58194428
 58199230
 58200124
 58212692
 58213989
 58214007
 58215316
 58220614
 58227213
 58227379
 58232290
 58233066
 58242483
 58254071
 58261559
 58269799
 58269818
 58276476
 58280718
 58286060
 58291120
 58296942
 58297845
 58302899
 58303821
 58307694
 58310454
 58331414
 58336257
 58340695
 58341897
 58352802
 58354194
 58356270
 58356472
 58363369
 58366201
 58370499
 58370522
 58374223
 58376277
 58385332
 58396765
 58403824
 58408034
 58411062
 58425429
 58427677
 58432194
 58433593
 58438884
 58440471
 58443654
 58444027
 58449427
 58450499
 58461108
 58475283
 58478427
 58478605
 58488093
 58488232
 58499789
 58506496
 58506746
 58506909
 58513476
 58514645
 58517011
 58520821
 58524819
 58525396
 58535440
 58547176
 58554506
 58554526
 58559062
 58559223
 58571017
 58571996
 58574555
 58574563
 58578518
 58581939
 58586105
 58586301
 58590749
 58593118
 58599546
 58615110
 58618168
 58620927
 58627811
 58628731
 58643364
 58646619
 58651547
 58651829
 58655423
 58655628
 58658876
 58661028
 58664415
 58666615
 58675415
 58683766
 58690257
 58690333
 58696695
 58699166
 58706425
 58707759
 58711939
 58712169
 58717645
 58724832
 58725590
 58728939
 58731242
 58737949
 58750578
 58753513
 58753667
 58761501
 58761566
 58773003
 58774057
 58777883
 58782615
 58785864
 58791546
 58791730
 58798623
 58800741
 58809167
 58816022
 58824072
 58824099
 58832461
 58833069
 58844169
 58845385
 58847947
 58852778
 58853692
 58854188
 58858647
 58858852
 58860737
 58862072
 58869837
 58879176
 58882423
 58883225
 58890878
 58890948
 58900831
 58901713
 58904239
 58904577
 58911386
 58911449
 58916683
 58917573
 58922527
 58923529
 58931222
 58943280
 58947281
 58948768
 58954812
 58954998
 58965858
 58966613
 58969448
 58971387
 58975485
 58975539
 58980510
 58984736
 58985892
 58987274
 58997019
 59008606
 59012957
 59015025
 59020025
 59023251
 59030575
 59031905
 59034631
 59039268
 59043507
 59044295
 59047838
 59052487
 59054293
 59056251
 59063476
 59072965
 59081629
 59085031
 59086115
 59092917
 59094671
 59096455
 59098477
 59102304
 59103542
 59108724
 59109458
 59113527
 59115354
 59125973
 59134626
 59140443
 59141269
 59146147
 59149769
 59159632
 59160936
 59163234
 59163590
 59171333
 59179502
 59179527
 59185462
 59186936
 59195101
 59206412
 59211432
 59212203
 59217671
 59221374
 59228156
 59229307
 59230595
 59238590
 59240875
 59252680
 59252751
 59258819
 59261002
 59271108
 59279100
 59286610
 59289991
 59294528
 59296798
 59306040
 59308038
 59311898
 59311914
 59317957
 59317984
 59324088
 59324481
 59329558
 59331918
 59338878
 59350274
 59354758
 59355178
 59362406
 59364353
 59371814
 59373005
 59374754
 59374945
 59380519
 59383976
 59389934
 59396753
 59397744
 59403113
 59415719
 59421642
 59423223
 59427198
 59429585
 59440369
 59443669
 59443927
 59451869
 59452096
 59456873
 59457249
 59462531
 59464923
 59472839
 59485917
 59492640
 59493328
 59495499
 59497969
 59509055
 59509781
 59512759
 59514605
 59521841
 59522764
 59525793
 59525926
 59531094
 59533261
 59543947
 59554741
 59562718
 59563292
 59572264
 59573613
 59582436
 59583713
 59585022
 59585236
 59591398
 59599685
 59599865
 59606759
 59608588
 59620341
 59629204
 59631096
 59638201
 59638206
 59647466
 59648893
 59656359
 59657636
 59661728
 59668461
 59672694
 59673616
 59680728
 59681346
 59690680
 59694647
 59701087
 59703380
 59705522
 59705973
 59714939
 59716089
 59725150
 59727237
 59730191
 59737913
 59747314
 59747397
 59754883
 59764030
 59767544
 59772121
 59775496
 59780095
 59785806
 59788502
 59795803
 59800899
 59803268
 59809377
 59816479
 59817685
 59820712
 59823359
 59831137
 59834329
 59838626
 59841693
 59847002
 59847230
 59852943
 59854678
 59861715
 59864275
 59867029
 59873876
 59879565
 59880678
 59884436
 59886018
 59896218
 59899302
 59908564
 59909299
 59915928
 59916512
 59922955
 59925530
 59933179
 59935331
 59938523
 59947610
 59950514
 59952445
 59957556
 59959221
 59969968
 59973604
 59980938
 59983274
 59988336
 59988504
 59994150
 59996391
 60004120
 60007144
 60010264
 60019759
 60024441
 60024491
 60030783
 60032241
 60041593
 60045202
 60053221
 60055581
 60062498
 60062743
 60068697
 60069659
 60080558
 60081821
 60085771
 60093945
 60098332
 60099966
 60105892
 60107860
 60120676
 60122737
 60129740
 60131415
 60136452
 60136852
 60144147
 60148069
 60155000
 60156759
 60160888
 60169505
 60173533
 60177385
 60181516
 60182254
 60190653
 60192608
 60204303
 60206700
 60213136
 60214241
 60222667
 60224942
 60233610
 60233973
 60239107
 60249077
 60253008
 60260290
 60260325
 60262403
 60274192
 60277675
 60285879
 60286100
 60290636
 60290641
 60298591
 60300497
 60309294
 60312019
 60314440
 60322917
 60329127
 60330792
 60335565
 60338027
 60347852
 60350156
 60358740
 60359311
 60364179
 60364356
 60372145
 60374154
 60383328
 60386527
 60393407
 60395576
 60403337
 60419046
 60422152
 60431308
 60431393
 60436053
 60436079
 60443037
 60447658
 60453323
 60455822
 60457913
 60468461
 60471859
 60475441
 60478355
 60481109
 60489963
 60493882
 60501448
 60504677
 60508024
 60511607
 60517431
 60518210
 60525540
 60528155
 60534062
 60541449
 60548040
 60548741
 60552283
 60555415
 60564745
 60579059
 60582271
 60582750
 60582766
 60592100
 60593357
 60608945
 60609713
 60612383
 60620210
 60627023
 60628010
 60633142
 60635752
 60645747
 60648614
 60655407
 60658153
 60661706
 60662434
 60670134
 60672443
 60680387
 60685265
 60687898
 60697154
 60700392
 60702316
 60706867
 60707978
 60716037
 60718234
 60725616
 60727591
 60731637
 60731642
 60738340
 60739392
 60748742
 60749502
 60752957
 60761554
 60764092
 60764109
 60772350
 60775016
 60783316
 60786402
 60793561
 60794879
 60799295
 60799310
 60806239
 60807993
 60820750
 60820746
 60829809
 60836754
 60837890
 60842380
 60846554
 60853623
 60856235
 60864581
 60865503
 60868207
 60869410
 60877087
 60878707
 60889390
 60889458
 60891717
 60906530
 60909827
 60910568
 60913511
 60916111
 60926145
 60930668
 60936208
 60937596
 60943361
 60943379
 60949964
 60953068
 60963723
 60965079
 60967384
 60976525
 60981709
 60982231
 60987922
 60989264
 60998214
 61000517
 61008285
 61010666
 61012986
 61013431
 61020096
 61020517
 61028890
 61031379
 61035535
 61043070
 61049639
 61051099
 61055876
 61057742
 61065994
 61070641
 61077204
 61078931
 61083320
 61083327
 61088324
 61090872
 61100336
 61102286
 61104259
 61112141
 61118170
 61117825
 61124365
 61125704
 61134627
 61136721
 61142495
 61147640
 61151905
 61152115
 61155796
 61159304
 61169223
 61171245
 61171658
 61181481
 61184477
 61192167
 61193580
 61201607
 61205567
 61212359
 61212545
 61218734
 61225359
 61230843
 61240866
 61241501
 61243825
 61251356
 61258488
 61261496
 61266060
 61267887
 61277494
 61282143
 61291214
 61295039
 61298916
 61300026
 61306657
 61309238
 61318671
 61321685
 61324313
 61331204
 61340274
 61341015
 61345638
 61347651
 61359394
 61360792
 61368958
 61371495
 61373044
 61376888
 61380622
 61385366
 61391517
 61394764
 61406350
 61416049
 61416067
 61419696
 61420957
 61434004
 61435747
 61444649
 61445538
 61449237
 61449434
 61454058
 61456799
 61466113
 61467488
 61469028
 61478529
 61483730
 61484030
 61489883
 61490339
 61500637
 61505804
 61512884
 61514427
 61519216
 61520641
 61524945
 61527754
 61535593
 61537163
 61540072
 61550674
 61553469
 61553702
 61559139
 61560519
 61568703
 61574701
 61580367
 61581851
 61586132
 61586137
 61592722
 61595818
 61602825
 61605012
 61608515
 61618180
 61622282
 61622550
 61629388
 61630238
 61639943
 61643070
 61648031
 61653212
 61653222
 61654285
 61662913
 61663787
 61674956
 61677270
 61686294
 61690084
 61695149
 61700072
 61703912
 61705736
 61716329
 61719341
 61728104
 61731354
 61735338
 61735758
 61743439
 61746518
 61755687
 61757358
 61758094
 61768037
 61776275
 61777829
 61782127
 61783249
 61793787
 61796966
 61802216
 61802725
 61808772
 61808790
 61815137
 61818100
 61829398
 61833804
 61834016
 61847023
 61850752
 61852429
 61857903
 61857932
 61870529
 61871903
 61876817
 61879276
 61885584
 61886326
 61893900
 61898614
 61907291
 61907334
 61909676
 61919125
 61926323
 61926327
 61931276
 61933057
 61943706
 61949159
 61955466
 61956873
 61961842
 61963019
 61966605
 61970977
 61979224
 61980828
 61981772
 61993654
 62003467
 62005042
 62009594
 62010105
 62021712
 62023393
 62033669
 62036914
 62038094
 62038586
 62044366
 62047042
 62055452
 62055517
 62058717
 62070359
 62075632
 62080449
 62081531
 62082903
 62093731
 62097054
 62103400
 62104741
 62109192
 62109680
 62115885
 62127434
 62128533
 62130176
 62142659
 62148589
 62149595
 62153967
 62155954
 62162627
 62167172
 62174436
 62176028
 62180834
 62180861
 62186766
 62188142
 62196759
 62197868
 62199665
 62214403
 62214419
 62217064
 62221034
 62222227
 62230670
 62233938
 62240871
 62240883
 62246850
 62250039
 62256950
 62256966
 62258583
 62271504
 62270864
 62272740
 62284881
 62288677
 62290318
 62295275
 62298542
 62307397
 62310727
 62321935
 62322434
 62324597
 62324815
 62332058
 62336588
 62344017
 62346721
 62349460
 62356416
 62360568
 62364802
 62369139
 62371351
 62380385
 62382707
 62386892
 62387687
 62393627
 62393832
 62405329
 62405894
 62413202
 62416149
 62417929
 62424787
 62432671
 62432680
 62432675
 62434744
 62437642
 62444281
 62445512
 62455901
 62456531
 62461484
 62461690
 62461839
 62467133
 62471705
 62480588
 62481299
 62485736
 62495998
 62504274
 62504310
 62509335
 62510443
 62520206
 62523318
 62531809
 62532742
 62535814
 62537030
 62544748
 62546383
 62556678
 62560473
 62565331
 62569523
 62573786
 62577487
 62581313
 62582363
 62593210
 62596207
 62601061
 62605070
 62609990
 62610865
 62618470
 62619606
 62629146
 62631796
 62633746
 62642781
 62650140
 62651674
 62654809
 62656511
 62667632
 62670431
 62676649
 62680686
 62682560
 62683622
 62690088
 62690534
 62699146
 62700845
 62701553
 62710706
 62715489
 62716448
 62720784
 62722196
 62732337
 62735501
 62740310
 62744783
 62749535
 62750444
 62756023
 62758661
 62768472
 62770427
 62772203
 62780846
 62786825
 62788480
 62794909
 62795763
 62805095
 62807008
 62814195
 62815675
 62822187
 62822637
 62830910
 62831824
 62840031
 62840455
 62842900
 62856819
 62858922
 62860884
 62864385
 62866721
 62874870
 62877387
 62887686
 62891440
 62891611
 62900457
 62903575
 62913410
 62913567
 62923881
 62929491
 62932174
 62935060
 62936491
 62943552
 62947969
 62955275
 62956761
 62963239
 62963650
 62968493
 62971816
 62984060
 62985033
 62988012
 62996105
 63001279
 63001522
 63005894
 63007977
 63016832
 63019747
 63025634
 63029615
 63033538
 63033556
 63040339
 63044939
 63051244
 63053598
 63056429
 63070563
 63073620
 63078384
 63079092
 63086047
 63088934
 63097522
 63102775
 63107185
 63107361
 63115568
 63116812
 63125189
 63126952
 63129984
 63134098
 63140284
 63140477
 63146823
 63148773
 63158041
 63159515
 63167184
 63168294
 63171539
 63172627
 63180642
 63182457
 63183886
 63193807
 63195626
 63197373
 63205569
 63210090
 63210086
 63215551
 63221865
 63225765
 63228545
 63236957
 63238101
 63241621
 63241661
 63249461
 63255645
 63264509
 63266434
 63267192
 63275722
 63281052
 63282456
 63285543
 63286845
 63295970
 63298058
 63303421
 63306615
 63308593
 63309776
 63317085
 63318136
 63327012
 63327746
 63331014
 63339438
 63342767
 63345133
 63349747
 63351064
 63359191
 63360788
 63368637
 63372951
 63375831
 63382530
 63385753
 63394694
 63395209
 63398240
 63406777
 63409607
 63410542
 63418346
 63421293
 63429197
 63432295
 63440076
 63440537
 63443476
 63443704
 63451987
 63454520
 63463038
 63464843
 63467396
 63476485
 63483014
 63487146
 63488789
 63499104
 63500705
 63507738
 63509155
 63514913
 63515222
 63519753
 63525819
 63532290
 63535690
 63536854
 63546875
 63551029
 63553024
 63557717
 63559306
 63569090
 63571387
 63578958
 63579453
 63584134
 63584139
 63592267
 63593563
 63601610
 63603810
 63606933
 63615424
 63618235
 63619626
 63625764
 63628523
 63637313
 63640850
 63645575
 63649429
 63654133
 63656284
 63661839
 63663535
 63672197
 63674037
 63679007
 63688945
 63695441
 63696617
 63700899
 63701890
 63711212
 63714298
 63720771
 63722838
 63727153
 63727708
 63733263
 63737602
 63745414
 63747009
 63750970
 63755609
 63763010
 63765087
 63771113
 63772295
 63779601
 63783313
 63791838
 63792792
 63799524
 63800074
 63806722
 63809358
 63818314
 63820158
 63829914
 63832585
 63835496
 63839051
 63842456
 63846641
 63855577
 63858310
 63866886
 63869622
 63873469
 63873737
 63882146
 63886012
 63894500
 63895022
 63897392
 63905454
 63910234
 63910301
 63915096
 63917421
 63925639
 63929576
 63934722
 63935955
 63940979
 63941185
 63947940
 63950828
 63959346
 63962272
 63964263
 63976306
 63980518
 63982629
 63986226
 63988797
 63997208
 64000698
 64009972
 64011641
 64018545
 64024736
 64027421
 64034283
 64036960
 64038951
 64048146
 64053961
 64058891
 64058931
 64062449
 64071598
 64073467
 64080760
 64083155
 64089688
 64089752
 64098119
 64099441
 64106705
 64109193
 64112235
 64117194
 64124146
 64126028
 64130771
 64132231
 64142365
 64144932
 64150053
 64152735
 64155705
 64155730
 64163920
 64166814
 64174495
 64177655
 64178426
 64189755
 64194619
 64195751
 64201625
 64202095
 64211393
 64213432
 64221569
 64222226
 64227221
 64227382
 64235451
 64237071
 64245884
 64249058
 64253633
 64259411
 64265253
 64265268
 64271346
 64272514
 64281551
 64286801
 64293746
 64295469
 64301189
 64301323
 64308784
 64309236
 64318500
 64320039
 64322055
 64330478
 64333548
 64334887
 64340022
 64342026
 64352396
 64354589
 64359210
 64363436
 64368770
 64368996
 64375890
 64377132
 64385761
 64387650
 64391113
 64398647
 64404597
 64405528
 64410313
 64412124
 64420953
 64426072
 64430797
 64430969
 64436458
 64436464
 64441991
 64445419
 64451538
 64453617
 64456433
 64462245
 64470769
 64471009
 64476067
 64478024
 64489261
 64498381
 64503936
 64504137
 64511237
 64514711
 64516220
 64523310
 64524214
 64525644
 64527335
 64535602
 64538909
 64538904
 64546868
 64547959
 64558635
 64569903
 64576470
 64576664
 64588080
 64589195
 64596960
 64598694
 64602889
 64607945
 64612961
 64612957
 64621040
 64622998
 64631032
 64634041
 64640790
 64641383
 64644428
 64646283
 64654614
 64657707
 64663145
 64665016
 64675063
 64678959
 64681298
 64686281
 64688065
 64696276
 64698776
 64705737
 64707042
 64711701
 64719510
 64722144
 64727939
 64733182
 64734264
 64742310
 64748023
 64751200
 64754290
 64755748
 64763857
 64765964
 64773417
 64773434
 64777547
 64777970
 64788106
 64788305
 64797976
 64799041
 64805424
 64811195
 64818264
 64818283
 64823791
 64825807
 64833649
 64838436
 64842336
 64846454
 64850521
 64851417
 64857067
 64859901
 64867664
 64869795
 64871121
 64878929
 64887829
 64888914
 64892336
 64894717
 64901803
 64904450
 64910405
 64912164
 64919201
 64919238
 64929865
 64930273
 64936767
 64938142
 64941693
 64948997
 64954557
 64956404
 64960444
 64961917
 64973133
 64975828
 64985717
 64986225
 64989953
 64990116
 64998929
 65001671
 65010979
 65013153
 65017023
 65025423
 65030679
 65033547
 65038179
 65039460
 65050592
 65054034
 65058100
 65061699
 65065315
 65065507
 65074396
 65075734
 65083388
 65085418
 65087750
 65096300
 65100760
 65101482
 65105313
 65107358
 65115353
 65118879
 65124761
 65128821
 65132735
 65132779
 65141362
 65149128
 65152685
 65159634
 65166198
 65172761
 65178225
 65183478
 65191926
 65194183
 65199680
 65202152
 65206015
 65206005
 65213260
 65217949
 65225694
 65227820
 65231104
 65239432
 65246089
 65248597
 65253027
 65255681
 65264031
 65268334
 65276559
 65278749
 65286555
 65286585
 65292014
 65294738
 65300531
 65301484
 65319705
 65316805
 65316977
 65320402
 65323151
 65333710
 65336336
 65345789
 65346276
 65350082
 65358386
 65362812
 65370528
 65371298
 65372512
 65378931
 65386768
 65389070
 65393226
 65395314
 65403259
 65407254
 65411186
 65414530
 65419376
 65419395
 65426794
 65429416
 65437987
 65439719
 65443314
 65451069
 65455720
 65458391
 65461610
 65463458
 65474675
 65476677
 65482170
 65483813
 65486029
 65486334
 65497023
 65498432
 65505522
 65506736
 65512745
 65518267
 65524759
 65525760
 65530985
 65531251
 65538328
 65541978
 65549123
 65549134
 65553616
 65554070
 65560014
 65563394
 65572164
 65573534
 65576873
 65584423
 65590480
 65590672
 65595896
 65597120
 65604392
 65607594
 65611230
 65616265
 65619572
 65619786
 65630802
 65637024
 65637837
 65639857
 65650338
 65655752
 65663600
 65673750
 65677685
 65681693
 65684666
 65688213
 65696490
 65703914
 65705694
 65707853
 65714563
 65720950
 65724208
 65725439
 65734229
 65737512
 65741480
 65743040
 65745473
 65746349
 65751373
 65754405
 65762079
 65763219
 65767379
 65774856
 65780045
 65781140
 65788529
 65793839
 65799436
 65803453
 65809357
 65812378
 65814463
 65822767
 65826310
 65826323
 65834454
 65835864
 65839879
 65845736
 65851773
 65852658
 65858710
 65860076
 65867986
 65876746
 65879087
 65884406
 65884623
 65893326
 65895494
 65904506
 65906425
 65908637
 65914838
 65919599
 65922123
 65925849
 65927531
 65935473
 65938600
 65945723
 65949750
 65950778
 65952295
 65960108
 65961609
 65969123
 65970121
 65972146
 65981673
 65988279
 65989339
 65989559
 65994102
 66000303
 66004026
 66008194
 66011026
 66016159
 66017439
 66025255
 66032127
 66034773
 66037423
 66045753
 66051451
 66052571
 66054866
 66057799
 66069301
 66073789
 66077813
 66079812
 66083325
 66085173
 66088093
 66090701
 66100999
 66102047
 66103075
 66111041
 66115492
 66117384
 66120891
 66125908
 66137334
 66138410
 66143050
 66145750
 66150674
 66151664
 66157807
 66161585
 66168739
 66171418
 66171919
 66179186
 66185048
 66187234
 66188452
 66190120
 66198734
 66202636
 66209645
 66214620
 66215342
 66220615
 66224824
 66236614
 66237786
 66240626
 66249119
 66252485
 66254290
 66256218
 66260260
 66268172
 66271360
 66276450
 66279819
 66285771
 66286398
 66291148
 66292417
 66302480
 66304664
 66308203
 66313538
 66319509
 66319913
 66320171
 66323730
 66332533
 66337609
 66341497
 66344938
 66349221
 66349560
 66357501
 66361018
 66369419
 66371772
 66380119
 66380316
 66385606
 66386554
 66387709
 66393007
 66400078
 66403539
 66409043
 66410140
 66417323
 66417741
 66420540
 66422789
 66429172
 66430546
 66433974
 66439442
 66441560
 66442498
 66443454
 66447454
 66456643
 66461851
 66468153
 66469602
 66475005
 66475447
 66484899
 66485778
 66493118
 66493958
 66497496
 66507970
 66512515
 66515842
 66516784
 66527330
 66530282
 66534823
 66536564
 66541311
 66542215
 66548923
 66555503
 66555964
 66557122
 66557911
 66564488
 66570844
 66572345
 66577057
 66587330
 66589249
 66595737
 66599948
 66600135
 66601088
 66607879
 66609689
 66616404
 66617964
 66620266
 66626588
 66633156
 66634312
 66634521
 66639966
 66648243
 66650892
 66655532
 66657658
 66662079
 66663054
 66669047
 66670944
 66676766
 66677854
 66688676
 66697367
 66698469
 66702618
 66709874
 66712008
 66717579
 66718352
 66723221
 66727666
 66730403
 66738805
 66740695
 66749295
 66755718
 66755885
 66756262
 66761142
 66769322
 66772124
 66780354
 66780823
 66785895
 66789931
 66791451
 66802766
 66812548
 66817813
 66818565
 66819007
 66822271
 66831475
 66834551
 66843137
 66849802
 66853994
 66855606
 66863314
 66865557
 66869334
 66873965
 66881899
 66882409
 66885825
 66895629
 66898909
 66904240
 66905113
 66910396
 66917103
 66920714
 66929420
 66931293
 66940446
 66947897
 66949314
 66949357
 66954585
 66962634
 66965826
 66970482
 66974405
 66978389
 66984549
 66986345
 66994946
 66996387
 67006861
 67012061
 67012073
 67012987
 67015547
 67028059
 67031507
 67036742
 67037101
 67041761
 67048328
 67049501
 67055375
 67056465
 67068557
 67074654
 67074875
 67077649
 67084426
 67092313
 67095956
 67101498
 67102483
 67106610
 67112483
 67114681
 67123343
 67126936
 67132960
 67139829
 67141861
 67141927
 67144542
 67153911
 67156608
 67162435
 67165668
 67168420
 67172205
 67176007
 67185861
 67189923
 67203419
 67204336
 67205782
 67210098
 67220052
 67222359
 67230497
 67232580
 67238095
 67243408
 67244771
 67251516
 67253255
 67263250
 67271806
 67271842
 67274990
 67280091
 67288511
 67291060
 67298537
 67298699
 67303597
 67309714
 67311127
 67317143
 67319770
 67327469
 67333227
 67333657
 67336537
 67340689
 67348865
 67351955
 67358823
 67358839
 67365746
 67371152
 67373251
 67381127
 67382246
 67390493
 67396621
 67399206
 67399893
 67403492
 67413155
 67416428
 67420812
 67424849
 67427421
 67432138
 67435464
 67443284
 67447001
 67459044
 67465580
 67467248
 67468076
 67470846
 67477462
 67479743
 67484999
 67487031
 67490099
 67499184
 67500727
 67507359
 67509506
 67520008
 67522582
 67526240
 67527795
 67531025
 67538047
 67542052
 67547629
 67549347
 67554053
 67561412
 67563300
 67570961
 67572429
 67581669
 67588212
 67589116
 67590542
 67594221
 67601881
 67604022
 67611246
 67613074
 67616956
 67623085
 67625295
 67632063
 67633249
 67643522
 67653245
 67654173
 67654177
 67658800
 67668037
 67673525
 67679006
 67683422
 67687352
 67691448
 67694129
 67703906
 67705194
 67716135
 67723916
 67724652
 67726957
 67730577
 67741675
 67742922
 67751765
 67752473
 67758696
 67766965
 67767095
 67775114
 67776654
 67783196
 67785407
 67791505
 67791775
 67799800
 67807512
 67808227
 67817096
 67817423
 67819778
 67827184
 67829816
 67837522
 67839706
 67846701
 67849494
 67858599
 67858789
 67864572
 67869943
 67872010
 67882022
 67882190
 67885574
 67889956
 67892944
 67901392
 67902958
 67913989
 67913998
 67921531
 67922322
 67926829
 67936368
 67937983
 67947718
 67949669
 67952627
 67956707
 67961368
 67970410
 67970800
 67979279
 67986582
 67986592
 67988324
 67992351
 67997716
 68000728
 68009845
 68010700
 68014176
 68019232
 68021817
 68030328
 68031993
 68039890
 68048882
 68049408
 68053319
 68062112
 68065843
 68074529
 68074635
 68077508
 68084248
 68086583
 68098510
 68098659
 68109440
 68119430
 68119434
 68119690
 68121998
 68129667
 68133215
 68143058
 68143344
 68147168
 68150013
 68152519
 68159976
 68161400
 68174169
 68179801
 68179813
 68181140
 68183924
 68192210
 68193127
 68202704
 68202866
 68207856
 68209788
 68219268
 68222269
 68230285
 68235217
 68237094
 68237521
 68240197
 68247079
 68249404
 68257249
 68259630
 68261582
 68269794
 68273860
 68280784
 68281313
 68291726
 68292718
 68301371
 68301473
 68305820
 68306773
 68310878
 68313705
 68324574
 68325265
 68326602
 68329819
 68332959
 68341880
 68343269
 68351895
 68351911
 68358973
 68359183
 68364290
 68370358
 68372902
 68384880
 68387489
 68390547
 68396188
 68403015
 68403688
 68413075
 68414852
 68420868
 68421032
 68425087
 68433439
 68448733
 68449657
 68454515
 68458495
 68461751
 68466618
 68468881
 68476118
 68484105
 68484349
 68484533
 68486924
 68495382
 68498054
 68506440
 68506767
 68509529
 68516363
 68518846
 68527507
 68528472
 68537164
 68538908
 68545166
 68545191
 68550093
 68559571
 68561268
 68572954
 68573131
 68577710
 68585670
 68589281
 68594994
 68596281
 68605811
 68606139
 68617465
 68618166
 68623429
 68629043
 68630864
 68640526
 68640984
 68645690
 68652861
 68654989
 68660444
 68661864
 68670002
 68680019
 68682590
 68685096
 68694078
 68695792
 68706440
 68707177
 68716235
 68718527
 68725882
 68725908
 68735043
 68735064
 68741691
 68741703
 68746368
 68750588
 68756349
 68759701
 68771270
 68771276
 68773962
 68781620
 68782093
 68789804
 68792225
 68801098
 68808736
 68808704
 68809011
 68813882
 68821057
 68823591
 68835080
 68836412
 68839323
 68843254
 68848391
 68855150
 68855620
 68862972
 68865135
 68872631
 68872783
 68878538
 68884633
 68886708
 68897117
 68897365
 68899891
 68904581
 68907426
 68914501
 68914944
 68924446
 68924560
 68930617
 68931385
 68933448
 68942866
 68945004
 68953631
 68954498
 68958603
 68962246
 68965258
 68974685
 68977081
 68982626
 68984188
 68991241
 68992832
 68994470
 69004125
 69007049
 69014517
 69014533
 69018191
 69024889
 69026218
 69032032
 69036265
 69043509
 69044196
 69048322
 69050216
 69052668
 69059218
 69059650
 69068882
 69070262
 69073026
 69075611
 69078716
 69083828
 69085219
 69092173
 69092380
 69100512
 69100542
 69104049
 69111321
 69113151
 69121210
 69122173
 69125352
 69128412
 69131649
 69139174
 69139662
 69147238
 69148895
 69155452
 69155471
 69158809
 69166461
 69167909
 69177595
 69177602
 69179388
 69182768
 69185347
 69194656
 69195492
 69205163
 69205343
 69210127
 69211265
 69215623
 69224049
 69226767
 69237797
 69241984
 69247226
 69250519
 69257298
 69258539
 69267449
 69267607
 69276323
 69276758
 69280859
 69290455
 69291736
 69302127
 69304321
 69309672
 69316407
 69318276
 69325375
 69326224
 69335310
 69337257
 69342390
 69342399
 69346546
 69352251
 69354107
 69362814
 69363690
 69367285
 69372743
 69379446
 69385052
 69386652
 69395062
 69395671
 69403154
 69403360
 69409638
 69415321
 69416954
 69426576
 69426904
 69429325
 69435090
 69438838
 69444290
 69445228
 69451354
 69452902
 69457848
 69457981
 69463534
 69470402
 69471797
 69480469
 69480709
 69483825
 69490818
 69492952
 69497973
 69499450
 69509969
 69510909
 69516540
 69516546
 69521723
 69530080
 69531736
 69539817
 69541223
 69544331
 69549431
 69554627
 69561846
 69564204
 69574968
 69575836
 69581500
 69581656
 69592040
 69592888
 69593641
 69600717
 69601290
 69604103
 69612655
 69612668
 69618357
 69620788
 69630204
 69631829
 69642612
 69645966
 69649267
 69658001
 69658571
 69670494
 69671965
 69684076
 69684755
 69692189
 69692995
 69704305
 69704830
 69711397
 69716919
 69722165
 69724722
 69732578
 69736286
 69737713
 69746030
 69753752
 69754824
 69765545
 69772418
 69777986
 69782438
 69785767
 69793738
 69795268
 69797427
 69802783
 69804827
 69815601
 69816286
 69824960
 69826228
 69832890
 69832901
 69837411
 69845542
 69847370
 69854689
 69855366
 69860994
 69865107
 69869145
 69877611
 69881168
 69890661
 69891078
 69897051
 69898009
 69900911
 69910519
 69912366
 69921513
 69921659
 69924608
 69928464
 69932020
 69937956
 69940320
 69950991
 69951079
 69954856
 69956972
 69961100
 69961578
 69967820
 69969080
 69976304
 69977024
 69980219
 69986554
 69988732
 69999170
 69999321
 70009921
 70010436
 70018030
 70021130
 70022430
 70024416
 70029477
 70030683
 70041970
 70043494
 70045207
 70046076
 70048412
 70051945
 70058254
 70065676
 70066732
 70070674
 70074779
 70075999
 70078999
 70085783
 70086902
 70094998
 70095374
 70099292
 70106157
 70107400
 70116823
 70118711
 70129074
 70131998
 70137546
 70140382
 70144132
 70149031
 70151765
 70161611
 70162205
 70165587
 70173961
 70174163
 70184067
 70184062
 70192842
 70193003
 70200445
 70206732
 70207913
 70212811
 70215006
 70222532
 70224782
 70227038
 70231740
 70235535
 70240989
 70242576
 70254925
 70254939
 70262425
 70268390
 70270051
 70273604
 70274961
 70286034
 70291099
 70295813
 70300178
 70307771
 70308197
 70320372
 70320382
 70327201
 70329863
 70332780
 70339809
 70342839
 70352709
 70353505
 70357356
 70362856
 70367058
 70373380
 70374093
 70382765
 70382995
 70391618
 70393578
 70396373
 70404656
 70405695
 70414002
 70415222
 70416617
 70422984
 70423893
 70435597
 70436288
 70446674
 70448292
 70453944
 70456949
 70459690
 70466112
 70467978
 70478122
 70478444
 70481328
 70483595
 70488397
 70493789
 70494801
 70502934
 70504612
 70508832
 70509078
 70515475
 70526643
 70528096
 70537310
 70540878
 70544665
 70550860
 70555640
 70560325
 70560633
 70570392
 70577978
 70579111
 70583178
 70590783
 70592072
 70602662
 70604433
 70608375
 70615057
 70618612
 70625138
 70626715
 70636711
 70638710
 70643925
 70646987
 70650110
 70657869
 70658321
 70665944
 70667539
 70670084
 70675731
 70680163
 70687518
 70688131
 70698541
 70699944
 70710139
 70710331
 70714664
 70722007
 70724676
 70735976
 70736180
 70741003
 70749069
 70751940
 70759889
 70760732
 70770004
 70772947
 70784308
 70784317
 70788059
 70794888
 70796504
 70803964
 70805042
 70808905
 70817222
 70820387
 70826611
 70826933
 70831127
 70839334
 70839580
 70847998
 70848955
 70853686
 70862033
 70863948
 70876743
 70878630
 70881958
 70882230
 70887831
 70891838
 70903157
 70903303
 70905096
 70912327
 70912341
 70922743
 70923704
 70927947
 70932711
 70935300
 70945305
 70945591
 70946848
 70948695
 70954484
 70958535
 70965527
 70969450
 70978386
 70979497
 70989753
 70992325
 70993661
 71000167
 71001284
 71011680
 71012588
 71015123
 71015130
 71024016
 71026544
 71032035
 71034396
 71036393
 71043944
 71044686
 71058361
 71061934
 71070536
 71071348
 71081622
 71084343
 71086894
 71088972
 71096027
 71100031
 71108645
 71112708
 71118621
 71121306
 71121644
 71131958
 71132149
 71136834
 71142316
 71147066
 71153766
 71155598
 71157967
 71159757
 71164441
 71171808
 71184213
 71185064
 71192624
 71194699
 71196403
 71208901
 71208922
 71213025
 71219463
 71222203
 71231427
 71233226
 71235063
 71237806
 71246516
 71250928
 71260277
 71261017
 71263079
 71271498
 71271680
 71282774
 71282984
 71290873
 71294563
 71297045
 71309840
 71310557
 71312320
 71312869
 71318950
 71323385
 71330740
 71331463
 71336455
 71341577
 71342652
 71353478
 71353686
 71357804
 71367388
 71370450
 71380893
 71381978
 71384940
 71386077
 71393953
 71397278
 71407635
 71409479
 71419270
 71422817
 71429510
 71433893
 71436949
 71442699
 71450794
 71457672
 71459088
 71461742
 71465775
 71471757
 71478057
 71480104
 71482524
 71491330
 71491511
 71499318
 71500308
 71503494
 71511290
 71515905
 71526585
 71526963
 71530430
 71530638
 71535455
 71540766
 71547528
 71548229
 71554224
 71557182
 71558333
 71569377
 71569383
 71573962
 71579776
 71582819
 71595910
 71597382
 71599422
 71599598
 71604044
 71607633
 71616767
 71619887
 71622640
 71629393
 71629947
 71642733
 71643192
 71647839
 71653587
 71658003
 71668230
 71668395
 71670132
 71670305
 71676297
 71680309
 71689354
 71691599
 71694184
 71704389
 71714131
 71715083
 71719615
 71727960
 71733511
 71735201
 71741714
 71743908
 71747909
 71748105
 71756025
 71758019
 71768458
 71770712
 71774063
 71783513
 71783909
 71792494
 71793670
 71799699
 71805941
 71809242
 71809256
 71819475
 71821383
 71823063
 71824119
 71832715
 71832941
 71841349
 71842623
 71845478
 71853355
 71855737
 71861964
 71864145
 71875233
 71877857
 71889398
 71889414
 71891328
 71892813
 71896080
 71901221
 71908992
 71910618
 71921839
 71925178
 71925210
 71929825
 71931516
 71935167
 71944943
 71945653
 71956025
 71960848
 71961496
 71966306
 71971461
 71978442
 71979802
 71983127
 71993375
 71994960
 72001879
 72004993
 72007331
 72014330
 72026563
 72027064
 72029053
 72029387
 72036857
 72040759
 72047640
 72053076
 72055293
 72063785
 72065077
 72073496
 72075190
 72077495
 72084600
 72086759
 72098241
 72098394
 72101049
 72101916
 72113517
 72115392
 72129399
 72131210
 72141742
 72142655
 72149585
 72151510
 72153589
 72160730
 72162057
 72173245
 72173411
 72176364
 72176369
 72182686
 72186447
 72194637
 72198020
 72199393
 72207561
 72207726
 72220278
 72222746
 72224743
 72233635
 72234879
 72247417
 72248680
 72251725
 72251974
 72258317
 72262667
 72272725
 72272799
 72273642
 72284529
 72284606
 72293425
 72295149
 72300101
 72308702
 72311437
 72319349
 72320825
 72323591
 72324431
 72325835
 72330580
 72333380
 72341151
 72344145
 72346501
 72352551
 72353660
 72359416
 72359994
 72359999
 72363861
 72372589
 72374388
 72386436
 72387175
 72390693
 72390979
 72392922
 72395478
 72402376
 72408911
 72413248
 72414373
 72423425
 72424737
 72434021
 72434216
 72437238
 72438943
 72446459
 72448596
 72457761
 72459128
 72461201
 72461677
 72463888
 72468282
 72471874
 72477382
 72479865
 72482683
 72490569
 72491854
 72499852
 72499846
 72505146
 72512009
 72517587
 72523411
 72524737
 72527731
 72528133
 72538080
 72541663
 72547431
 72549802
 72550736
 72560304
 72562082
 72568830
 72575840
 72575848
 72582598
 72584308
 72595589
 72596172
 72598394
 72599028
 72603575
 72605750
 72615005
 72616198
 72623209
 72626511
 72627736
 72630553
 72632971
 72636083
 72645440
 72647191
 72655364
 72660100
 72660973
 72662796
 72672527
 72674426
 72679940
 72682381
 72686939
 72693825
 72694540
 72701198
 72703582
 72704137
 72713385
 72715550
 72725136
 72727349
 72733525
 72733975
 72744747
 72747294
 72753361
 72754632
 72762203
 72767696
 72768589
 72778243
 72778257
 72781161
 72788864
 72788870
 72797561
 72799684
 72801063
 72801683
 72810092
 72814993
 72823512
 72824513
 72829820
 72834736
 72837616
 72845146
 72845168
 72848349
 72857905
 72861167
 72872756
 72872763
 72875216
 72875962
 72881039
 72884934
 72895936
 72898168
 72904101
 72907822
 72910165
 72917973
 72917989
 72923677
 72930030
 72932219
 72942983
 72944429
 72946219
 72946649
 72951506
 72955788
 72961992
 72964009
 72965355
 72973910
 72976976
 72982483
 72984156
 72987561
 72997590
 72998180
 73005859
 73007253
 73010861
 73011268
 73017242
 73020996
 73027978
 73029543
 73030086
 73035464
 73035826
 73049974
 73049990
 73051832
 73059739
 73062941
 73073304
 73073412
 73077290
 73078346
 73083884
 73089013
 73095772
 73097183
 73099635
 73107970
 73112870
 73114122
 73114535
 73119417
 73125301
 73127924
 73136416
 73136436
 73139040
 73140337
 73145492
 73147592
 73156664
 73159951
 73162832
 73164116
 73165015
 73172216
 73174418
 73176850
 73185927
 73189534
 73197802
 73197909
 73201676
 73201869
 73207028
 73210172
 73215508
 73216836
 73222550
 73226747
 73228514
 73235237
 73237494
 73239278
 73246200
 73249279
 73255372
 73257433
 73260618
 73261235
 73268410
 73268644
 73277079
 73279959
 73280679
 73287085
 73287715
 73293964
 73296122
 73297429
 73303895
 73305923
 73316205
 73316732
 73317961
 73319952
 73324777
 73328280
 73339119
 73340922
 73344032
 73349764
 73351040
 73359155
 73360700
 73363074
 73370991
 73372922
 73381636
 73381643
 73383821
 73383858
 73389181
 73390940
 73396889
 73399099
 73399869
 73408914
 73412262
 73419822
 73420461
 73422554
 73427711
 73431569
 73438951
 73440502
 73443842
 73444001
 73447257
 73449391
 73457525
 73459341
 73460882
 73467421
 73469105
 73473697
 73474067
 73477425
 73486328
 73491368
 73496583
 73500774
 73501466
 73502216
 73507521
 73510805
 73518818
 73522338
 73525809
 73533726
 73534305
 73543418
 73543676
 73545785
 73553708
 73557302
 73565774
 73566669
 73569708
 73569724
 73574709
 73578412
 73583901
 73588188
 73591232
 73594403
 73596906
 73604144
 73608351
 73613167
 73622668
 73623356
 73632986
 73633994
 73637877
 73638728
 73647963
 73648333
 73655622
 73657445
 73660636
 73666926
 73669453
 73674469
 73681159
 73685086
 73687364
 73689120
 73696988
 73697510
 73700568
 73704488
 73708752
 73719036
 73723014
 73725046
 73734461
 73735855
 73743901
 73744656
 73747508
 73754193
 73755989
 73771453
 73773028
 73775321
 73775900
 73777493
 73782714
 73793222
 73795054
 73796475
 73805365
 73805391
 73813880
 73815171
 73818349
 73825057
 73830635
 73841961
 73842707
 73843254
 73848823
 73852103
 73860056
 73862801
 73864069
 73872136
 73878375
 73879287
 73884146
 73890384
 73892852
 73902885
 73903144
 73905569
 73910346
 73914243
 73921831
 73924649
 73925884
 73934068
 73934726
 73940543
 73943137
 73946449
 73953755
 73956898
 73966095
 73967856
 73970338
 73971240
 73974682
 73979603
 73989324
 73991000
 73993427
 73999539
 74002742
 74008911
 74009122
 74012478
 74023229
 74025724
 74034228
 74034900
 74036091
 74036255
 74039535
 74044532
 74052451
 74055601
 74056747
 74066442
 74067328
 74075702
 74075707
 74078021
 74085128
 74086077
 74096950
 74099706
 74100094
 74100723
 74104347
 74108445
 74116774
 74118090
 74126346
 74128553
 74130271
 74136254
 74136270
 74138978
 74145665
 74147745
 74156463
 74157545
 74158461
 74158475
 74162459
 74167302
 74172072
 74173950
 74184073
 74184361
 74191601
 74192500
 74195577
 74203933
 74208507
 74214028
 74215696
 74218662
 74221957
 74227262
 74234985
 74236395
 74246166
 74246740
 74253672
 74254594
 74256730
 74263335
 74265228
 74273697
 74275103
 74277957
 74282288
 74286976
 74292001
 74294033
 74302356
 74302877
 74308972
 74311288
 74314775
 74318932
 74324427
 74331386
 74333418
 74337735
 74340965
 74347333
 74352898
 74354226
 74364082
 74363213
 74369953
 74370667
 74372970
 74378760
 74383405
 74393280
 74395466
 74400215
 74404254
 74410011
 74415933
 74418815
 74426815
 74427907
 74440853
 74441010
 74444121
 74450484
 74452280
 74461967
 74464055
 74466971
 74471400
 74473938
 74483924
 74487014
 74497492
 74497504
 74503736
 74504333